10.4575922334546	22.8732726156119	-1.95257041831596	1
9.17607957202351	20.7758958377301	-4.12453667388732	1
8.59553644503800	21.1306670389611	-4.79613271404946	1
10.8575719308989	20.3398591671365	-4.94982484789863	1
10.6280454222287	20.4868059128544	-3.95154804557865	1
10.6164160987499	20.0245975521281	-4.56591040416278	1
10.5095242583776	19.2948534331344	-4.80644735961862	1
10.9277275109556	22.3783862903591	-4.86683425199320	1
12.4306187113035	20.3261789282677	-6.33071605157449	1
11.7209190593827	19.5513086578725	-4.17732483870608	1
9.18726438899518	21.2597667446772	-7.93627101770258	1
9.61542501582614	16.0391270183938	-6.74606122682458	1
7.97275479038601	16.0326456588804	-3.58955702882136	1
10.2195943993408	20.6731455697743	-4.08639332624787	1
11.6747508141887	19.8644244228424	-4.06204018166546	1
8.60497081745168	17.5861065513985	-7.88004543457200	1
9.27998477857433	19.7324991365576	-3.91851467804736	1
11.0083915730417	21.1243644550282	-2.19180144132541	1
8.24180767635745	20.2629848599637	-4.18960063488270	1
11.5609544465833	22.5771436910511	-3.84275774227082	1
11.9639236351969	25.4381560409256	-3.25936874264129	1
10.1047853397056	17.6050937892891	-4.93967075277772	1
10.3465823567988	20.2161149581637	-4.08903793865974	1
8.06135828459922	21.2095757964067	-3.18629772563463	1
7.53529819794172	20.2958164836078	-3.26851229741195	1
10.4399274965338	21.9092536504732	-6.55506448695753	1
9.64946175234362	21.6081274886289	-6.49498315491348	1
9.25298149824168	18.7742542843893	-4.25679044240435	1
9.46667750432781	19.1081945576433	-4.64759632161807	1
10.2267229794545	22.1362722793133	-5.33795368440280	1
8.27002059812320	21.9651031656259	-2.60138263727677	1
8.77665142941603	19.8543865712289	-4.86800621633870	1
10.4013548182510	20.4633277781220	-7.05578095266393	1
10.2665330166781	18.5033271293415	-4.47431429851353	1
9.45143726003679	18.4478164249736	-4.76903426758906	1
8.89879937925945	19.9889820109152	-5.47446615775723	1
7.61656270769485	17.5345854740048	-4.96367981231041	1
8.84564290564058	20.0898724987974	-5.50453576690267	1
10.7101538715271	19.5296987459869	-3.54757919784373	1
10.2979180420578	20.4945264059424	-4.10675017652161	1
12.1744045156771	24.5843280263195	-6.97273513434502	1
10.0828512752806	20.2845478560615	-6.65553910227920	1
10.6146834915687	18.3208104884901	-3.99143534311398	1
9.10823650553802	17.9265353507525	-6.12555602255383	1
6.55826698616800	19.9234840525277	-1.55265810564596	1
8.81605594877634	19.1291267300225	-6.73183378902252	1
10.7127724606090	21.8105462035107	-6.24033907311706	1
9.27831872216324	21.3944008534559	-5.97739126011746	1
8.85576378203865	21.3596286087182	-0.867402974624036	1
12.3711702840985	16.8249580055088	-3.95186426544567	1
8.28450204385441	19.8899085009715	-1.76637826866912	1
8.23656162053453	18.4743445547202	-5.06071184818460	1
7.97412035656003	16.7344286332755	-4.48430807219191	1
12.7611181037116	19.8860627073436	-4.55222107142874	1
10.4375704789518	22.1879341788089	-5.17005391926478	1
10.0071250695019	21.8326363014087	-2.54098815716268	1
8.51024068875396	20.3047068072015	-2.33710722833187	1
9.02515673799569	19.8637801907405	-4.69549017912821	1
9.90192636058611	23.4577927628049	-4.32890635389218	1
9.74062382907260	19.8774818517810	-4.59608767604891	1
11.6683635324561	20.9326183873118	-7.94781447722271	1
9.70026374308900	22.1315393130470	-2.35911912735917	1
6.58022694057058	19.5015510684701	-7.05305109342605	1
7.73874981622472	19.4592876297514	-5.08013840591212	1
9.22456049965682	20.6083419256146	-2.34887221703230	1
10.2591050347539	18.9691336901767	-3.43845888938908	1
7.41502356280954	21.9526911292558	-6.07106256010237	1
9.35547310786999	17.4441131243094	-6.80591058245804	1
8.59547611379726	16.1937497044695	-4.33481821636874	1
8.69423579999898	19.6977615590630	-2.22020540938419	1
9.38085923632938	24.2580589601002	-4.50386194634119	1
8.65110313900206	19.2020364278522	-4.61018427011767	1
11.7254366952820	21.6431413026397	-1.86031779164350	1
7.15010243767337	17.6606910350526	-4.30110057231614	1
10.0327882935917	17.5815913682820	-7.09359898484456	1
11.4396430660630	19.9326852279646	-5.58234139637929	1
10.0991821897360	18.7103935942949	-4.90207403856782	1
10.3708073082973	18.1094207270075	-6.40684295048030	1
8.80876284704537	21.8066478105026	-4.73465453561367	1
9.42482877432030	19.4995250282568	-8.81851435927505	1
10.1237915786521	20.6027113968262	-5.51530039688764	1
10.4346424976211	19.6976973797712	-3.96201244146143	1
8.47318265992149	22.0169843464194	-6.47520042159768	1
11.2086796097754	20.5394406806444	-5.40751431577587	1
9.65631064255198	20.3460995168249	-6.45460675545091	1
7.73012208222156	17.5309276663630	-6.46891831100375	1
10.9864971630200	22.6482127786950	-6.59737190562211	1
10.0981006997843	18.4947935932373	-6.02134571937905	1
11.4415700850325	20.3015075493732	-4.50575893268451	1
13.3942756502544	24.8469686932815	-2.46457363295461	1
7.42121167007196	19.7488547109617	-7.84023999273545	1
11.0835072441638	20.9827036628542	-5.33408399522521	1
6.18309897148103	19.4954887270355	-6.70167374939267	1
11.4890055037774	17.5251251138127	-3.32718596016120	1
11.0181250339290	17.8261281753962	-4.68426548063731	1
8.64050992201070	17.6387498450981	-5.74247936331396	1
9.83079836289952	17.5855834624536	-4.04527112827870	1
8.38463954872319	20.3297189522174	-6.38694330543853	1
15.2100268298621	24.0742042593457	-4.32558450502374	1
10.3086842191520	19.0005250925320	-3.84265445591340	1
10.3613030777010	19.0283570397459	-5.30322427170562	1
11.6720022990263	19.3252338170301	-5.84985689407456	1
10.2289923315948	20.6225256753857	-3.03377909467271	1
11.1094821874202	19.2580508663396	-4.94707971240648	1
9.25679029581315	19.7296496572352	-4.89974761172930	1
10.6403495815486	20.5181003819453	-4.98107652750024	1
8.17863007836168	20.0980472231265	-4.62502735947563	1
9.36041165135341	20.2830109870439	-4.11691345123128	1
9.19141581141713	18.4870770700395	-4.41190201962341	1
10.1065724341598	22.8526755382868	-3.20001557040099	1
11.2398116092525	23.9377728305954	-5.17930891330187	1
10.5100553059207	19.1604291452603	-4.86703387362999	1
10.7611346350061	17.5582504451759	-4.68089590244977	1
10.5210371590040	21.2579557095459	-4.28422918392181	1
10.5848146875052	21.6233662573320	-5.75693832571070	1
11.2331128251954	21.1882774944128	-5.30623703186488	1
10.0092779455642	23.1630747494441	-3.72070044474989	1
9.69119804501829	18.9909766029236	-5.56575156276122	1
6.96838073633492	17.1307987341718	-6.02949889424508	1
9.17039874272831	19.0592569369255	-5.55453344395231	1
9.65954902087576	20.5178849879108	-4.33637763049045	1
12.2165302076500	20.9898487409051	-4.19681557235552	1
9.60396903399934	19.6048820140284	-3.54197736942920	1
10.2898989099831	21.1577103477850	-4.66134140659394	1
9.99132208134335	20.7099693567978	-4.72137577727464	1
8.31563382325819	20.8216112403156	-6.14313849292847	1
8.00822924903621	18.6969008079413	-5.33513887468630	1
10.8008023884033	18.1201083091564	-3.83553463553337	1
10.8409443742335	20.8456014277784	-5.04779795773069	1
9.72305195691877	20.2258923390805	-5.92307778878926	1
11.2077220709348	20.4726738755994	-6.01558875644141	1
11.9668793424067	23.4638939997215	-5.11817720453474	1
11.8767570901624	17.3331044154818	-7.59935775245353	1
7.96516279223479	15.1832811156672	-6.18330788386959	1
7.30101027330967	16.4227672484447	-3.22317897588104	1
12.6852095467001	23.2759470065254	-4.55667530052358	1
6.93769829027119	17.5415791661984	-6.34181905684803	1
10.7389892718805	19.5891877602652	-5.63186558532183	1
10.7820911405152	16.5858041897496	-5.16067602770053	1
9.24736586587124	18.3861781644465	-5.30040634385598	1
10.7779455119321	22.7414870050686	-6.07985954782161	1
10.1079262129433	19.3184111796403	-5.08966198391881	1
10.7408615128710	20.1079086305629	-5.20891893823052	1
8.88460510000633	21.7397320442423	-4.09331517644291	1
10.1641220069548	20.8980516821502	-5.36541024364989	1
10.7633143827005	21.5056742625493	-6.09286890727986	1
11.2288518941506	21.1463181353997	-6.77153458352051	1
11.5387157337390	21.9062200853965	-5.26590157713262	1
9.17150753601305	17.7517123121340	-1.29356686511136	1
9.48256106758075	19.4941806521313	-7.56875333978753	1
12.8638969174582	21.5543184024657	-3.76203964759669	1
8.85348323714505	19.5174615458948	-5.38135189763544	1
11.6201264238006	19.0135572493893	-5.57230174375749	1
11.6428622056789	20.8566946625712	-3.38905888416490	1
8.48959862452184	19.7391664746695	-7.00584139061501	1
9.60090824216652	22.4728902660481	-4.52871030801607	1
11.0236915997721	20.4474628587526	-4.96452675260114	1
8.56306500244293	20.9804335903230	-5.47595219204822	1
10.5553113277558	19.8083261737380	-4.16609943382138	1
9.96124661275258	19.9860022687804	-3.98802782917677	1
12.1211752374955	19.0592374710142	-5.63986254026939	1
7.71361642065718	17.7340368604926	-2.68518816646774	1
7.87127537642218	20.4788925735747	-6.71294114797102	1
11.8132340368356	21.6391575851056	-5.21354553682402	1
9.90045325664153	23.8488308037943	-5.15632822667047	1
10.6306125778612	18.5065741296137	-8.35125126903864	1
11.9023817359560	19.7536301799761	-4.34192773310947	1
8.48678039580166	13.9906705042436	-6.02577166861818	1
10.8008801211674	17.7085037593671	-2.95672072276613	1
7.58987731437407	22.9415170155832	-1.00799681797600	1
12.2765638384634	21.4153603509579	-3.83771027138311	1
9.35941785752067	17.4973154803193	-4.68391348007528	1
9.98483633032200	17.4308277700511	-3.46317830333443	1
8.65638904133132	19.0595242824347	-4.15662705759023	1
8.28816988816780	21.5152442040099	-6.29178645244047	1
8.30224257309490	20.1031221604830	-4.24409970758944	1
9.87610052091032	20.5690534786487	-7.92840002754601	1
7.67573497469462	19.3886937245815	-3.09699076851199	1
10.1337634929546	19.4158162631458	-4.55285020090610	1
12.3377778121966	20.2561265885564	-5.51073016712893	1
10.8779712425101	15.7869021736687	-2.94794639757445	1
11.1995439096796	22.5801756126860	-6.53182311351318	1
9.45113411470872	18.4198041442273	-5.34483673097093	1
12.4757207115786	25.3886972097607	-5.57211447002589	1
12.2225053967054	23.0276977467179	-8.76789129783847	1
10.1276191285443	27.9305600361961	-5.98668819781912	1
7.10523007995979	16.5514009052127	-3.17070910047793	1
11.0260078724658	26.2576499203011	-4.59430414084147	1
10.9056755135598	17.7711466797352	-3.43137350211384	1
10.1433958616930	18.2097981704604	-4.79298449801870	1
11.3459223183659	19.3724426632804	-4.19334869679566	1
8.70107079137186	18.8296838583082	-5.15739327376046	1
8.82462078539002	19.9991041822651	-4.23111925129139	1
10.8531053489882	21.4383012928793	-5.08582172264708	1
7.57591621115413	17.7112911730802	-7.39204169493905	1
11.3600101746407	18.7069016878596	-5.10959890404364	1
10.9966326354357	18.0923813645596	-6.11414861394291	1
10.9444374655693	22.6590679363871	-6.51833546267152	1
9.88986527369215	19.1096463385308	-9.63642110746869	1
11.6772705400654	20.7221565015993	-1.79047368453751	1
10.2419518212635	21.2266770267439	-6.65601516558320	1
9.96269120054535	20.6208256980646	-3.73863632435613	1
9.57535961067847	19.2031400277846	-6.81088616298673	1
7.45099142127622	16.5352668087548	-2.47615831083796	1
11.4209383616225	17.1233663941749	-2.93640909913802	1
12.0730536108886	20.6623307381854	-4.89892980168858	1
9.73622415994116	24.2653197534945	-4.99600045749640	1
9.87541007944794	20.7317434576444	-5.96990520739419	1
9.61974039034214	14.9941393393001	-4.58281840741951	1
7.92410034823646	21.1383188341057	-3.28253894735329	1
11.3804864079035	22.0279676510021	-6.03101896906595	1
12.4810596177862	23.5665927258517	-3.40301498029511	1
9.88731657345608	20.3759245560387	-5.11134817018462	1
9.43596306599152	21.2084769628102	-5.33945491623678	1
8.25273147304268	16.5023729677096	-5.62142979923487	1
10.4424592129073	20.2305969392981	-5.13767406453636	1
5.97467780869177	16.2525128313478	-3.09004466941851	1
10.8487462214967	19.8706366677647	-4.79706866472882	1
11.4366686111146	21.9124419033698	-4.73404498133256	1
8.46353857020817	16.3255587832522	-5.30147870943082	1
8.08333979112513	18.1038500114381	-4.53582483902544	1
7.63536091483016	18.0719925174910	-5.18968756573243	1
10.3075786924713	19.7956452155033	-4.86216122401880	1
9.36557783497367	19.1894293472566	-6.08515605350843	1
11.1945694932394	20.1696460711813	-4.52183937551918	1
9.73692133829534	21.3702176279516	-4.95898304587545	1
7.99937338385737	16.8479685455595	-4.51604993285197	1
10.6799457637199	16.3791297839243	-8.18535183750414	1
10.9998626464063	21.8196433843183	-3.77673839358304	1
8.82067883518174	19.9010467524357	-6.32521817604238	1
10.3535945241142	20.2552908846990	-7.17319674365532	1
8.78403570611866	17.6913880335279	-3.51843246995374	1
7.63412274207364	19.0922843153966	-2.88750431987340	1
10.0950149323656	17.0854176017142	-7.88501652547874	1
10.2653129596286	18.9481735368082	-4.05791266795155	1
8.60639314850550	20.7261487644119	-5.94494208637256	1
10.1215486360138	21.1327554185835	-4.23323605876772	1
11.1402570196690	21.7562937123971	-5.74163105581186	1
10.3017860113498	21.6718733223577	-5.26801450298387	1
8.67077557528422	23.0592591138090	-8.62490237023446	1
10.8599762221256	16.6360865625929	-5.90252157226308	1
6.96323792606412	20.1243998037641	-7.43116130234402	1
9.51394297862728	20.3514740880094	-5.23570606895220	1
11.3877722430353	19.0911142329315	-4.62764904018114	1
11.7142301850892	19.3741999822129	-5.77230617976289	1
8.84778284303579	22.2274389416852	-5.02883540370483	1
9.85526276744201	18.8517101870613	-4.17749029814467	1
10.9903856659297	22.8574067141952	-6.12758398081684	1
11.7405643350758	23.1495756096821	-6.25710944892395	1
8.28872251856909	19.5527938615541	-3.75770491419202	1
9.28567889741499	20.4942731541642	-5.78151861661822	1
8.08141341431268	21.2465108945820	-0.722079481258293	1
8.96722057052280	19.5774248798138	-4.56730515771324	1
10.3675760413008	20.0781830926056	-3.29697357498516	1
9.54519552063921	21.0975663065500	-5.00730664964496	1
10.0681723429445	21.9269078835751	-4.38859455591943	1
9.23355517027351	17.9856500377642	-6.13898653887675	1
10.0238183210610	20.4836156681103	-5.85405961260021	1
12.7066716852801	21.2771013571271	-3.04559163999181	1
9.30717445099947	18.1740163245101	-5.17577546837015	1
11.5134863560541	20.4000010706713	-5.94282419038856	1
9.50753704393600	18.0945590339201	-6.24610541696706	1
10.9376658096331	22.4739958899174	-4.10585987217443	1
8.86821701599625	19.9309675326054	-4.63399627416600	1
12.0712014214927	19.9827522629165	-3.83159728755775	1
11.7216267579102	20.8567355095562	-5.96119141701797	1
11.1338379064017	18.1592615004076	-5.68734838679347	1
10.7653042732483	22.1870235550057	-5.15743698548460	1
11.0706208042204	20.1305241691525	-3.10639539277334	1
10.0234234963618	18.3331044618491	-4.96338516605414	1
10.1401816913215	21.8490837469398	-5.27316565089041	1
11.4624207133836	16.4797030090770	-3.11024360048133	1
12.1281132189758	21.8389888553664	-3.24606463849781	1
11.4670672644106	21.9175512306297	-4.88493567239647	1
8.99297565253942	18.9709500260690	-5.18759167016841	1
11.2156445875707	18.3950996614432	-3.38869983340075	1
10.3779255649966	16.8794788019017	-5.50110822415967	1
10.5384065469202	18.2335764829977	-6.18639696510285	1
9.51677189231243	22.1769631989722	-5.96209121951435	1
9.07716361803747	20.7020988712586	-4.89619033515852	1
8.61693440099800	17.9067145125642	-2.79305392594357	1
8.97993107735635	16.9638578773977	-8.11045334786487	1
10.4605580577796	23.7792410795020	-4.66805570468627	1
9.53299948881206	20.5776562483118	-3.01258419369222	1
12.9970037142595	19.4043623164307	-5.83143392748526	1
11.3739189405216	19.6313022000424	-3.78684071046807	1
11.2823185607877	21.3253237424053	-7.48538976040164	1
8.16810130833802	18.8219533161509	-4.35040044066062	1
10.0268303036612	18.9234342535047	-2.17286798068412	1
10.3013908232101	21.3058428727086	-5.90560516334342	1
10.2473528268415	19.2049096947785	-4.00282264028348	1
11.2812286851955	19.6686478357715	-4.96159713941034	1
10.7128570558462	21.5563966121790	-2.00576262096427	1
12.2537989405794	20.6583033701086	-5.59913524092422	1
10.9751074699138	23.9077984154593	-4.17054898054283	1
9.33900401596024	20.7103592381155	-6.42012376057024	1
10.3331058184280	22.9309888535969	-5.65049062597991	1
10.1971370884875	19.7397102624763	-7.24456435078684	1
10.4224984329688	17.8360232495122	-6.94106480811545	1
10.7393883765045	20.6872094788940	-5.35966152711339	1
9.94376000874591	21.0263730814153	-5.17710507849136	1
9.99777309084122	18.1684458488609	-5.09839523271437	1
10.5702616276930	18.6529591697469	-5.37808902485867	1
11.5748505348189	18.9322079690049	-3.87796801272643	1
10.2704080308372	17.9950097726941	-4.57939049244151	1
9.24452912445301	19.0982653674393	-5.96958115618442	1
9.62296878453714	20.2218964158165	-5.27908509681799	1
10.7393240897487	21.4327499481668	-4.04102825339849	1
8.13708422619145	20.1825952684214	-4.57999696612418	1
9.61477212438845	19.0979064203926	-4.10986138458119	1
7.11035415519058	18.1440768731216	-4.54957133655880	1
11.9927395607723	22.5433525981681	-5.12321126069372	1
11.3811026872879	23.5055108111814	-4.07235735575775	1
9.29275117167093	21.5788259024568	-5.27355487416165	1
8.92655760525903	18.6224785284718	-5.37478343174859	1
10.3165521417591	20.6750972751668	-7.35584620399105	1
11.4806165076285	22.1064557284209	-4.50954144916634	1
10.4325949268077	21.8306272871800	-6.59492468867793	1
9.74149216002712	20.2909434311664	-4.05994890619915	1
9.16319293594070	20.3496567892820	-5.64842422815114	1
8.57459900626143	19.1133776547978	-3.91091580141500	1
11.4687382303772	23.8576226134512	-5.01450856141236	1
9.53154071930297	20.6449695800258	-3.55935106489581	1
11.3389065756020	21.3241606689390	-4.75424813615725	1
10.2494106205732	24.1208568771156	-5.22364360134973	1
9.39472490198817	17.1785555127401	-5.65079859973401	1
8.99852923022911	18.1518637589125	-3.38570590016584	1
10.3942476175766	22.6766419895665	-1.84440896399910	1
9.72086503721713	21.8085650098826	-3.61518917085740	1
11.5705665606405	20.8436401650142	-3.04596458274250	1
8.36080743730976	20.5512896271910	-4.36518668449302	1
8.10622139755518	19.5160117885172	-3.11498333795948	1
10.1294542881006	17.8286515262370	-7.88719696965291	1
9.12045807625428	24.2781625384194	-5.24879743209910	1
10.2290520565017	20.9618769951129	-4.21497224773884	1
8.21562815537673	24.5447823187171	-6.33226820474453	1
9.31390244616112	18.0817164954671	-4.39448163602297	1
10.8862812651701	17.7624674271642	-5.40854615728290	1
8.52239508145605	18.8591832045844	-4.95219322352624	1
10.5180464504199	18.8221991867987	-6.19680169673983	1
9.94652396256788	21.4425882822410	-4.19779613449045	1
8.85712237733822	20.0650365099909	-3.57035353121458	1
9.28559570220512	18.6608079703298	-5.39982678351418	1
13.0443200507531	22.5808041729233	-6.73367109239671	1
9.25908352060594	20.6596421281625	-3.98559118708740	1
9.81330349310474	18.7964667410815	-6.54445093124425	1
10.4361359370323	19.2808844130724	-5.70363713030913	1
10.6100604296758	22.8526767437662	-4.35230400105315	1
9.24366850429174	19.1422768936141	-4.34983981728373	1
13.0653747146289	20.6725086194428	-4.29793362513994	1
10.1988630351531	21.1974126982726	-6.32330983613403	1
9.50127157494829	18.1645561679839	-4.19529855550575	1
9.39311484028535	18.4957609474380	-3.63092778348223	1
9.08890690477290	22.0382393062822	-2.66655629478223	1
8.54452853782175	19.9709167917246	-4.68763469031144	1
11.2505738479423	19.5272682562524	-3.70981478240043	1
9.53794083572228	18.3139774952216	-4.92285914169422	1
10.1761611868292	18.5057385815595	-4.26255229954546	1
7.06202003114335	17.4479714228675	-4.51734657845260	1
8.77242274788308	17.8180090674455	-3.58944317703002	1
8.94537728942032	20.5194139296535	-5.81373140431317	1
10.0278137759213	20.0292662232594	-6.65576240780447	1
12.6543131009149	23.4000588551477	-2.67059692295044	1
11.0129825838395	23.7917788157913	-4.23603298157611	1
11.4277717592170	23.3474226722756	-6.71707331528440	1
10.0245317324158	22.6011047624564	-3.39259845561761	1
12.4875494523122	19.6416526849365	-8.00902355237019	1
8.84156816924013	19.4461541888461	-5.37467610755378	1
10.0769456095422	21.4165822666405	-7.43346745164577	1
10.4047449008142	20.5796691925881	-4.21465461810025	1
12.2877184636183	21.2844920019257	-4.54520376435087	1
10.4801711743774	19.6778853879350	-5.48764222638249	1
9.41011930297048	20.0453677792494	-3.99936766234002	1
12.9590818459492	20.3500632727396	-6.00811923727627	1
9.92895142615324	20.6757851654879	-6.84943856455347	1
9.37103159472589	18.5003948244598	-5.21951149476161	1
11.8240043052529	18.2157151340620	-4.79735268782413	1
8.47116472427067	21.2332421219510	-3.21893301872866	1
11.1246790116850	21.5907765086426	-5.92121275417384	1
8.49118654952713	23.4117808477698	-2.82136457233038	1
8.06483996070472	16.6599945257320	-5.78266177318917	1
10.5394015189195	22.9100249288569	-3.70941014342174	1
8.38893270955513	18.6177768979474	-4.94635781977809	1
9.64972863221833	20.4632825175899	-7.21592887962893	1
9.05764674792987	24.0265671211240	-6.86960543603832	1
9.89373109205402	18.4483317675277	-4.37233178065462	1
11.0219892605174	20.6776058354484	-7.02428236729007	1
11.6514731826579	20.9935076215587	-5.17463882219134	1
8.77811680411951	20.1772961754620	-6.50817985036403	1
9.43626292755902	21.2994326917913	-3.58598273594911	1
7.10591782583596	17.0532785661330	-4.93982242233225	1
8.32675087761264	19.4190702063330	-5.56490445319981	1
10.3995612440235	19.9371733257562	-5.32704389238013	1
7.69275650794430	14.0733398329674	-4.81638590762054	1
8.17694116212598	16.7653845816508	-5.25587936575005	1
10.4815567227942	18.8961665081292	-2.86423897455928	1
9.71213459167272	19.0694400424512	-6.21431031984108	1
10.8831434301603	20.9880775130251	-4.15275092449111	1
11.9983855986886	20.8810733716633	-3.54855277173011	1
7.22473082969000	14.6679608159481	-5.30542135613313	1
11.5554173710211	23.5425539631562	-5.77776985468625	1
11.6996798971904	22.3913399982581	-5.98486350942959	1
8.49693859670480	21.6423540608317	-2.78141481248050	1
10.7009582409320	22.0194641477512	-6.85587786155807	1
11.6955912970347	18.1987580018960	-5.71405352207319	1
10.5868403673590	19.7995611349644	-6.74438243631510	1
9.29913988957654	16.9959027822070	-2.45286106013550	1
8.32723233554517	17.5018935856644	-3.53540888092956	1
10.6417281935383	18.3815808347680	-5.61130737689918	1
12.4052705996428	22.2746870653144	-6.07695404514088	1
9.15396104295176	20.7484637372598	-5.78667931013074	1
11.0066050111881	22.2126414053344	-4.45855973665236	1
11.5322317308024	20.1350648680852	-5.02478680090851	1
9.92970464729637	20.1765335077285	-4.95322147185073	1
9.28063673591170	20.3160791593625	-5.11753804846045	1
9.42787882007734	19.5469671015731	-4.67671824098982	1
11.3003996972012	18.6542962131276	-3.28390692055691	1
10.9180732823208	20.8550755826102	-7.04933934391310	1
13.0707279517048	19.5951253836254	-4.50611333506451	1
8.39339700392794	16.0547013337840	-2.70654976503815	1
7.09947452650420	17.8541534322137	-7.18465754879048	1
7.83023162355468	20.8700268863208	-4.16595570065837	1
8.03050441507260	18.6610526891898	-7.42493649149039	1
9.68189698360733	21.4743016225524	-5.51547240103204	1
8.79098889659164	19.4333213525335	-5.20625903785071	1
9.35243933551399	20.8617411559174	-6.12836791537448	1
12.0288187326397	20.6093684299748	-4.12716987109182	1
6.56789787318630	20.4679998138985	-3.14338584591519	1
9.81932937914110	19.9996195135614	-5.95878667876733	1
8.36713816813748	19.0374326454657	-6.95587678718426	1
10.5973722619781	21.7381944219664	-5.21646042947224	1
13.0461108261060	21.2136862201522	-5.24226541098762	1
9.85786029042037	20.6345330932715	-4.55965536257221	1
9.25556044078820	21.4514560817234	-2.65638991948815	1
9.57230500822930	20.1360669224843	-5.48497129872147	1
9.60220669147564	16.0953509280187	-6.28372894653112	1
11.4391132675535	22.5943286639218	-4.78507092376505	1
13.3406651169068	20.6752837635925	-8.50468805987852	1
10.1014908526497	21.3894493878664	-4.32682562228284	1
8.69454653986559	18.2593860803859	-5.08776819408427	1
11.1013314043971	23.3895688105847	-5.26107181881127	1
7.67434122814512	19.8970831552758	-4.63165668910211	1
10.9131934031297	23.0610845773147	-5.48480210781562	1
7.96021141124425	19.8522782333007	-3.82686482777248	1
9.00078260587969	19.3193282950558	-2.95576886044871	1
8.92404556136755	21.8077223345898	-3.71377319234395	1
11.2372367356813	23.0346992954160	-5.21039773568720	1
9.85059385087890	19.4585038738605	-4.92564473162075	1
8.77299486953649	20.2998835293589	-2.15572157346483	1
8.84870417441890	20.2385108357419	-5.91127548792708	1
11.0149010979925	19.2650184630884	-5.70152906682933	1
8.54851385122879	17.6263514345789	-6.61548941216557	1
9.39399278112141	17.8676793791638	-3.18243173297495	1
10.4421882375330	20.4299147637829	-5.57895763194579	1
8.30931442384636	19.9466797547927	-7.65245892581675	1
8.04994813623563	20.3210255590412	-5.45723158751061	1
8.48414474235920	19.5898449376381	-5.10322734636917	1
10.8984661538352	21.6543640292149	-5.32531036916548	1
8.43084219370814	19.3502695643078	-6.42475563072882	1
11.5710843410110	18.5261475323026	-5.94194844045978	1
9.47924701372407	17.9865243788384	-4.81243591886293	1
8.38540496535792	16.1395452915093	-2.72353399241912	1
10.9099098431598	18.9729836112616	-2.76197296489738	1
8.11719173061629	17.6457889691779	-5.17361997693340	1
9.96649321611306	17.8274396252805	-4.51961408559925	1
8.49020102915269	17.6603760263707	-7.23234829067807	1
10.0138373246208	20.8925170867676	-5.44465493575552	1
10.4083425294796	20.5251428115574	-5.60587884520644	1
11.1033718504819	17.0738252216127	-5.86928689677846	1
6.43686599800274	16.5244723249121	-4.96451566794648	1
9.49615822634258	20.1739252555388	-2.96827337140964	1
12.7027606269577	19.7501092152341	-6.87994911381454	1
9.19517079947032	19.0003986937029	-3.35766165951482	1
11.4302265375949	20.8601448582711	-4.18386828474934	1
11.8420418212824	22.3529270107550	-7.17441711331781	1
10.7516320364302	20.4244855115172	-3.33711030909511	1
9.80340097812713	23.3097743600963	-6.10517728000992	1
8.93104912006067	17.6386185187870	-4.15723885454798	1
9.93662129645517	21.1521368862294	-7.38457056806701	1
11.0317205211847	23.5054156110327	-7.39377583571093	1
9.21192943373992	20.7335302449761	-6.79046391247691	1
9.21159687918471	20.2049395578756	-4.37403886507735	1
9.25808058879263	19.0387346667511	-5.96088502489460	1
7.26971142061991	18.7374416736220	-7.02465187799970	1
9.42729492277812	19.7082971798291	-3.78311054023079	1
9.70200490124745	21.2241008195234	-4.19131403387962	1
8.67623407250085	22.5183949442128	-2.31968005051210	1
10.5182787234956	20.4492606535152	-4.30063977415405	1
9.12456966572161	21.3120033758101	-4.14412724774979	1
8.76177257231461	18.7792354677659	-4.56381345088169	1
11.5694038939450	18.3656291461776	-3.34852180480999	1
8.12779666083997	18.7377684255081	-4.36038772874521	1
11.6876762875773	21.4887926633170	-3.58602731214689	1
11.1035860540541	18.3050009918437	-5.69110113219033	1
8.57648717132955	16.2935931557448	-4.14669605749294	1
10.1977759596634	18.6208610561348	-5.10564882570076	1
10.0815876618694	21.9397807902689	-4.17891708179984	1
9.72549537515166	18.0643389976132	-5.77325746222646	1
9.82965650499022	18.9817193337581	-5.00550008476117	1
11.3532119234298	22.9469775278606	-4.75727168320600	1
5.18077655251202	3.65453765930110	6.21639013175144	2
6.79578808862334	6.78533054134912	4.59611620002291	2
4.08308780960145	5.12143245495673	3.55867653749087	2
3.81089075983552	3.72390828529155	3.83322342945782	2
5.72736120326950	7.93693185407395	5.02338792840902	2
3.41614529116304	6.32502465731546	3.47307617833337	2
0.170633794072213	2.68227474585708	5.05532174473016	2
4.12236255680386	4.40027345273396	4.07451354885436	2
5.71390495477404	5.73022487685644	4.79865110358197	2
3.28644210881806	3.68135034717778	4.11942877985840	2
4.04792901462802	4.41522820514247	4.18477964225381	2
2.67756955963598	0.851905329657876	5.50750202827828	2
3.23582495102679	3.83205077429089	3.99279878883975	2
5.41652227768636	5.35142283563841	1.20449161073649	2
3.62130141252938	6.52484193060199	4.13469429459622	2
2.47283465332695	2.72021694703986	3.98709279865233	2
5.91459773655507	4.46314910255350	3.02656855697056	2
5.17433096320420	0.714102110459248	3.59333553177493	2
5.13222485155968	7.40158660146955	4.55273115224275	2
4.57652411643484	2.64822250828272	3.66745070284799	2
3.68161791258698	3.18299447951689	3.19650271796266	2
3.30648641816272	3.75349293568691	4.03893460831521	2
4.32924197700044	6.14950171145325	3.47425037578304	2
6.77863376820336	7.38851297195923	3.75929911296632	2
3.42129537013466	5.80846707695842	3.79843706435369	2
4.96178401824847	1.93051675250038	6.71545581934174	2
3.66200758245740	3.02920187748881	5.52820263002281	2
5.42378252985490	3.90271790561207	2.26717756647716	2
3.82492629318839	0.513262620504944	3.92482996064447	2
4.98201860875860	5.87300657304862	5.13505369259896	2
4.50712928928685	1.49024187450960	4.36479372053868	2
4.94653387601673	5.50081596627862	3.79297781087213	2
4.25973096800929	1.60255061541591	3.81830098829795	2
2.56102878398580	5.51528622803123	3.43069840612630	2
5.19547561676578	5.26135911141911	3.50443626419338	2
3.39646129837919	3.09895317852499	4.22877565717729	2
3.10410194361243	-0.638828232729491	5.28341637011181	2
6.59060675360449	6.30542109435553	6.34965574654280	2
2.16099092001260	3.63707362903272	3.60962846100745	2
2.03246118446253	0.961456577476558	1.77826025353816	2
4.99675681324561	5.64548217570005	1.69721253799601	2
3.23203071226717	5.78542448561033	6.12596799769602	2
5.59157615849779	3.20635091456040	7.29108952351524	2
5.06108049259953	6.31574462814538	5.25240876199741	2
1.95976689975309	2.98858392601570	3.93987610968927	2
6.21468109574871	5.25301658484845	5.08938050193686	2
2.71010744176023	3.65686996268521	4.77366044765622	2
4.84469654806863	5.61223571750554	3.98821309843628	2
3.52335448595247	6.96981896058217	3.55305747686306	2
5.75339281571467	4.66454292915471	2.11456959129242	2
6.28539759116997	6.26462929201696	5.40001784191491	2
5.76954732793444	3.45294667935951	4.23113086374209	2
6.21223177667800	5.80956276371954	4.47157000558655	2
4.84681099722694	3.10466436872423	4.65517707782278	2
3.78234703735809	3.97109826336244	2.35816727326110	2
4.73637677483449	5.00562429726667	3.70235269553182	2
5.05099506136780	3.16989041549423	5.57326215707748	2
3.76400284990762	3.56170662915500	4.03754440257823	2
2.97421031111677	0.672096066782509	3.89120121862600	2
3.22220054246721	0.209172150948992	2.49276092767729	2
2.34309244774842	4.20048002950079	4.45681351892812	2
4.41338131321491	3.70629839651594	4.53053199055306	2
3.21798941353269	3.81696365176956	3.00878356365771	2
2.18323293126506	1.75593084761664	2.04735762146635	2
2.95403147374123	0.721029769661470	4.53092702863083	2
3.60617567983868	0.859115122616525	4.51082378587303	2
3.48715533914298	2.19516612602058	4.54226166615060	2
4.76351666811969	6.79611811765727	3.23919220109023	2
4.62420828303333	7.31527839133191	4.37602799861912	2
3.81116832138814	2.07500302122007	4.37704856999601	2
7.49739512507763	4.59958705148611	6.53678103613540	2
4.33658493803688	3.01152993312591	3.29139606371537	2
4.08837895209399	2.08391882504759	2.17897735809664	2
1.77529862993540	-0.384803626154515	2.04242614854706	2
5.09079343441560	1.10127607479448	3.96771757484761	2
4.63398213308004	1.60055572916914	3.67641068210641	2
6.08882589075291	4.97165011007378	5.32934129539677	2
2.91298541293799	2.80958246407527	4.26299253371434	2
3.38522706890962	5.45065809008188	4.33798457439139	2
5.89658444967158	5.97007107715914	4.61783409731728	2
4.18972717642767	5.45372131955548	3.80577309394339	2
2.17249436821541	4.85854582513075	2.98354442432406	2
3.42695669562085	5.12088880494114	5.19978269466373	2
1.67251253891073	1.41543417451242	2.61314805792278	2
2.36471520814358	6.52322415255405	5.32066392625711	2
5.89601709724609	6.15658926862589	5.82100199480902	2
3.40283716725721	6.94035518482878	3.48258912914515	2
3.10033859302005	6.19569212924760	3.19072389797877	2
6.28195950011142	7.01802684442761	2.59172218917629	2
7.04733207662171	4.83711079249578	2.08937128207470	2
3.90175473405748	4.75630875745617	0.545558974806975	2
1.98698108674688	5.06809864271731	2.35573648694297	2
3.95725029619856	5.39120535394536	3.14089280178325	2
1.54898230034471	3.31346666190175	3.04057350195745	2
3.18314019081818	1.47711521560562	5.11376000945216	2
4.37590844610089	0.695041697479990	6.55673909364825	2
4.10006832649507	6.54393911549925	3.06596055723503	2
3.00203766791398	4.20237073982019	4.93982715373284	2
4.00117362473470	2.64777111805318	5.58238356355867	2
5.78941091538608	4.66204723077145	3.69660758308904	2
2.32166508558260	1.79770042337330	4.89973638076392	2
4.30862294679812	4.12160894693281	2.37454607909837	2
2.30543227688764	1.94539150148953	4.63144459176436	2
4.54083369826037	3.24119296011826	3.31995569170647	2
5.49415129802994	1.95212912909150	4.06527892752211	2
2.82904931654375	5.43075193533497	3.54579794621613	2
1.60310967522335	2.22814063455514	3.31634590799720	2
5.06142237617978	5.82308397168897	3.84411738104737	2
5.05878169433536	3.88617539767570	4.00034547690560	2
4.45709248704767	5.18751383834348	6.18833525094195	2
4.70430487962913	7.82483074079828	3.95111331180310	2
2.09539668150564	3.48638191734075	3.91452103990984	2
4.99266009795738	8.28988480869986	3.34367910380340	2
2.65294000359279	6.21042885427058	5.82167269403622	2
2.01466312457324	2.45161578477353	2.72844135372377	2
4.47685538237373	2.14027583704032	6.34210298709730	2
4.07344591024053	4.34090971431670	4.87190612231469	2
3.59428721597691	5.48779841065530	4.76408364374189	2
5.57839536336404	4.72532626140361	2.86190162613560	2
3.21626061377071	5.00982639325937	2.97460955149625	2
4.15044413707494	5.95874092952619	3.09231770922661	2
4.34017123157317	6.26504264800050	2.28543576306913	2
5.50166682660867	7.61253086521142	1.02081700402814	2
1.07177157523935	3.08944821192022	4.53389510912145	2
2.76421401763528	0.860228255166199	1.63904462005084	2
6.05977897602482	3.19094940712153	4.92922378173633	2
3.07277251338565	3.82182744764292	2.68141135035883	2
5.32693309624595	3.89940528196390	2.63301668183765	2
4.27441622615514	2.28850317163849	4.91689471010544	2
5.03547592281525	6.08998340016359	4.40150427490533	2
6.21823739007916	10.6369012006888	2.73839825093426	2
3.55268400493995	2.97909510667021	3.72791214192287	2
3.12593552980614	1.78688616361180	4.09070076941619	2
3.98448576293354	2.05483129211928	4.93984587680038	2
7.26176861037541	6.82542238945141	5.52740138797765	2
4.59734735378973	0.822866510206330	1.12912653165624	2
6.77426262904838	5.04418924278670	6.85184333225855	2
4.85643314706676	2.02042396353326	5.20164005810968	2
5.89751117145713	4.96476969119386	4.76909402951183	2
5.34785885637210	3.73389412375207	3.04807042874236	2
4.66821503770039	8.41818028684721	5.88962524833379	2
4.96741812914819	4.04989791616617	2.90479153796319	2
2.39510936542676	4.24474287893629	4.69083297608306	2
4.82314931585053	2.83759612103793	2.26067790234651	2
4.46453830129599	3.80008699492838	3.44743673957816	2
1.92411004808181	2.26624997695892	0.0545178615936317	2
5.72520149453507	6.61426380691695	3.46344263033435	2
2.21884201867141	-0.0338060188261364	2.49719352996885	2
3.19215755077358	2.82750499295666	4.19067341005099	2
3.74653249121018	5.40790465372303	4.97289601971854	2
4.48101103886091	1.08475749054171	7.42218558426002	2
6.77839797710561	7.29460256370973	4.50304375702135	2
6.77371984614377	8.12704135816104	2.73224329314025	2
3.02014143105974	3.82202277029565	2.63928430935033	2
4.23942192548167	5.90024267660690	3.75503550250132	2
6.25895108054835	1.35948983001515	1.61020471017866	2
1.87956293187352	4.54185833937909	4.64453391572491	2
2.57157297044226	1.22630281340752	2.53701721895936	2
0.882167571769846	5.73512212039040	6.15005090394500	2
5.68963314332481	4.27849712340762	6.20242003998673	2
1.77532271559710	2.23871742885844	6.12119341387957	2
2.59105439396959	3.54041273712180	4.02141480773553	2
2.45096402815041	1.94988930054297	5.64558911742014	2
3.91178657837204	5.75686597344134	3.51675527393535	2
4.88867016914896	0.700621898262636	2.29898386046169	2
5.05831149926636	4.50671803285764	4.26656935077336	2
3.65492156867471	4.67006071122015	3.41024920502974	2
4.40578787577848	3.78998243708591	5.79633077334229	2
1.83605120866315	2.55808470437676	5.75203797189761	2
5.14750459519086	4.69075267554448	5.27137393792224	2
3.09984141634789	3.94231522742898	2.96699280684257	2
4.13752748134371	5.81204807347900	1.42721220153102	2
5.67596740049704	0.928437688002324	2.03770245113115	2
4.55720268802471	4.29644662510630	4.23748187740918	2
4.72897508998597	5.19476980703591	2.70414037506095	2
3.30909061567733	1.31370058341316	7.33055959626941	2
6.37881846873550	7.17431927199277	5.27092160436949	2
4.07476002357542	5.87978211098351	2.37711357849232	2
4.38593033484825	3.36757511953986	4.50992498759551	2
4.41084051923257	6.15698392331532	3.91015751550742	2
3.40161182247983	3.34249219647696	3.93081828558291	2
3.32048501571175	5.10048385179821	4.35770884589654	2
5.04548959826723	1.89789944433240	3.58781408805289	2
4.00828128989623	5.15846220753233	3.99304149320201	2
1.50016485222972	3.27093098896463	1.55145663042752	2
4.82141222899766	4.40190253983814	4.20421457167277	2
6.05877736537301	2.84081162063251	1.99514309162910	2
6.95836041986807	4.43541270684988	4.76637574149448	2
5.14737814601744	5.83493800052136	2.99462161420082	2
3.88606791623662	2.76959906466507	3.50369230003186	2
6.06428534896704	3.94581244257658	2.53434151329368	2
3.34115840194609	3.27757014623053	5.29650539653901	2
3.79397564794797	5.86446437475685	4.28392581949221	2
3.80871265295771	7.21051765726893	1.74845529950262	2
3.23663473451927	3.06379894629984	6.13697415582769	2
3.18927413063512	3.47289877458272	3.22417315976265	2
5.03647819563539	7.04717611818936	2.15234441466123	2
5.46679313884935	5.01097992480640	3.42898956209263	2
5.38705901478252	2.99458934849167	4.34729346917966	2
5.25547362480381	6.10661310633041	4.61170156433770	2
5.55300908817836	4.70093641000944	4.21367442719126	2
4.19719621803166	3.37708443743758	4.41464249518323	2
4.45493317217130	7.21111958685173	6.22877091656621	2
1.56533589165078	4.38300785253750	4.35885512952445	2
2.56853795189596	3.25037850899990	2.11292423206788	2
5.00250606475171	4.05628676212154	1.98109223158338	2
4.76439349650002	6.88421996531175	6.46468492561163	2
4.88674413373968	7.22244839179944	3.42634129375444	2
5.60577592383720	7.16283701538526	3.55436611994593	2
3.41427410109620	3.39519550948656	5.44917474309469	2
2.16833674987790	4.02527131782034	2.56386814953090	2
4.21059293230310	2.79982341002311	2.82556274217330	2
3.04610300426936	3.94198466877142	3.94503287529314	2
5.02925225825381	1.38195749367844	3.42098159989593	2
5.66098658680573	3.58193222274362	0.951849444507543	2
4.30381821381447	4.38993456335928	5.64365071325519	2
3.14300230313220	6.31641442121772	2.27663382131221	2
2.98294756958192	-0.280827584747470	3.34155920658343	2
5.71513374208570	3.37949506170326	2.65398137148002	2
3.03109512642093	2.52233404622283	3.09501729464035	2
4.33641111951582	2.05011560377009	2.31411261234032	2
3.39899942320917	0.0675912218074108	4.45990847358685	2
4.36577443008709	5.59822761566191	7.49441161458050	2
5.36169370304756	4.63393928701989	3.74837392627214	2
2.62912574163009	2.65769242163871	5.17133851285703	2
1.87257256181609	3.66074800947374	6.18075595018834	2
3.74970440133009	3.32578862352645	1.16081562578050	2
2.48253221998514	3.29982717304802	2.41029048381657	2
6.77286388723283	4.76341822544931	2.65416820468163	2
3.00003236007778	8.00767090444601	4.66847412910178	2
3.97064346988814	7.60544133315069	3.14470117229674	2
5.84183627315093	5.22563168006711	2.98702056465537	2
3.13483404704192	5.53072793023707	3.03278811271326	2
3.82131645685650	2.93028748898395	5.92541320642333	2
4.27040747978636	4.73107428759310	3.86038402742431	2
4.27235507507373	1.12252399675841	2.80726116503240	2
4.45381708091137	6.69220167805813	4.26668188809033	2
7.07577281626885	6.20629455348281	5.37943584643907	2
4.20409871908009	4.99771459167110	3.66126261184441	2
3.47977413232742	4.04831632297101	3.26914662389637	2
3.58279740033919	4.27012495466617	5.17087938432870	2
3.26962006331218	1.27644236313535	4.41274073270963	2
1.96160299212902	3.09648247376152	3.80559047077575	2
5.49095093736251	4.24584334128569	4.05118457080544	2
2.51271595682121	1.83601405963816	3.73361612984706	2
2.93300869434847	2.20881160589207	2.95785150547259	2
3.36221546892462	-0.200725904064782	3.12859561694708	2
3.86552257317252	4.57373366523430	5.39478222399080	2
3.88484746830317	2.75472148563833	3.99286870923815	2
3.77684296258935	3.30042969164775	5.19418655392876	2
2.78083691270137	5.05494070623983	2.59926211509055	2
3.66220607997412	3.95243132758904	0.107316859655919	2
1.61853477718756	3.54834219782231	3.99733202179914	2
3.10853838196530	3.96467716219266	5.98121186932906	2
3.47816767043230	2.70749175644138	3.24162247086627	2
3.90728622134831	7.40477607643605	3.70107162836978	2
4.41092766208201	3.60880554026704	3.98681736605177	2
3.93783616612660	1.44394058954943	4.64864628344723	2
2.57399431384289	4.16551308148245	3.47478101356230	2
5.11771649022617	4.99613585082980	1.01149993864749	2
2.63586647507987	5.52306778656835	4.59463029344369	2
2.71215623220064	5.46413702590038	0.969531206197642	2
1.45088423370885	3.55147775481965	2.30157040519908	2
3.79588266844479	0.709654141667640	4.59530907224923	2
5.45591696853402	4.17405907595431	2.06111650412541	2
2.59126181676232	-0.575325637011783	3.71727265957796	2
4.73896585505201	4.49264142116006	2.50935436672598	2
4.50269077818646	6.50311236265487	4.14835792951037	2
3.11051618793039	1.07240921253625	5.95556120993683	2
1.01887094573757	3.85905906939706	4.50291942392879	2
3.70040652254703	2.31618349961615	4.66268784270889	2
4.72601384105405	3.44615309626564	4.12744342289821	2
4.01579004646266	3.20625015748073	4.18898288569952	2
2.23883283494592	3.03085671730177	5.38069876347206	2
4.67810835192147	2.97940486196340	4.20502215155947	2
3.32006476290499	3.62558356539792	5.38541663547857	2
3.40331192105666	2.16440647430203	5.79276483352202	2
4.72872863338543	2.51415560482209	3.87538059749484	2
6.39519308178264	4.26872041786211	5.88711556573125	2
3.95125762125233	2.66111952891446	5.19653928327361	2
4.55779334620991	7.26833506256331	4.56003796396663	2
3.25824550532951	4.77202786270863	4.00136352496796	2
2.09160936836426	3.23102937763709	0.974008944196370	2
4.85187355763413	4.61224848253859	2.54803177701841	2
3.08374289077604	3.63154920288178	3.85795626056224	2
5.11479610093629	3.62747713013083	3.33195289849273	2
6.33879066478799	6.12530990218529	0.614932645755457	2
2.54445487029650	4.27787223813039	3.04742860942951	2
3.03141524612787	1.74683309934883	3.19686893149591	2
2.65991277193837	2.04855919185207	2.49113209558050	2
6.69146909004574	4.91720382425274	5.18024745295011	2
2.58801847920789	2.32459161724068	5.24065784901842	2
5.60818948115640	2.43190988386342	3.62628266888776	2
3.47940331984795	2.53678001758538	6.48100042318690	2
4.26270240888764	8.48755913569194	2.73040824585674	2
2.64167101860806	-0.586342710940198	3.98365019243894	2
1.21705934735529	5.54508428519270	3.52503320503696	2
5.47709357672267	4.99250164573404	6.20852120427632	2
4.56545281201573	6.37237883235304	3.27478965439070	2
5.27604421036598	1.90185128818035	2.57259782852542	2
3.88655172375251	1.27801646566991	3.48305636602720	2
5.20145197754643	2.16053107241113	5.44993550585835	2
4.50433087746720	3.33111967143012	4.07674564401494	2
6.39926735156737	3.36023673867527	1.79838480273697	2
4.25862476393885	5.36881453520471	4.05573321321692	2
3.49100680096220	-0.520997819816051	6.73029028200362	2
4.43847101720073	1.27773794190049	3.54406359853814	2
3.98579650574140	4.75682533787994	3.96651850175212	2
5.50010831998919	2.36059467932994	3.12569466459829	2
2.61888452885460	4.16447442941761	4.02540032201790	2
4.47433092624814	4.45129598135445	4.23123857637483	2
4.64899641875069	2.08686986203447	3.96260924735922	2
2.78252913978129	2.22002375550257	4.41651208509615	2
3.00127173643049	2.38600961516160	3.98786721033433	2
3.30560325105967	0.823035878424530	4.96154529623616	2
4.34057255934157	4.63595554910910	6.40747139999773	2
3.11569943173534	3.15961366958859	3.30628409528051	2
3.53642775000127	3.79424816859907	5.24430446933134	2
1.01381326005050	3.74693648450701	5.46031152773694	2
3.42985781258265	2.06069526763086	3.22431112822023	2
4.25516181575667	2.35208536684858	3.58425606936545	2
4.66397059069180	2.53659026999465	3.72185658241822	2
3.38784366339597	4.42375674078251	2.55610396683789	2
6.43703014128033	6.25919156095391	4.93527720114909	2
4.03364423283392	0.120894938256206	2.95111063647016	2
1.00241152197607	5.07708866743594	4.17687026785717	2
5.77313073730532	4.19610575178416	4.13549137601507	2
3.34350045973565	3.48303654291512	3.41536544727598	2
4.38240335913514	2.87902674837920	3.56466797495982	2
6.09282979956361	5.48694762569810	3.59750826100903	2
5.08466102353604	5.27802270114069	4.81637107137269	2
2.69163728261625	3.38660136023354	4.42392547096583	2
3.14110047727609	2.37336848878351	3.54217286115339	2
5.10954398598645	5.42439917271211	3.42347804308427	2
2.46110374685902	4.13265444877051	3.66866104103658	2
4.96585861094887	4.61110349362537	1.96013047046882	2
3.79292917290059	3.61107922128963	2.68221195845478	2
2.81689270551247	4.48253225775149	4.24831359235072	2
4.67930441127953	7.18084675050767	4.60549577070885	2
3.77410198158973	4.98964757322711	4.46188222929058	2
1.64145029778038	3.79868628342528	4.05917820510815	2
4.47818032131507	1.88943674412868	5.29888475585839	2
3.88197857854690	5.25409262992077	3.99407522072479	2
4.66456825850236	4.27284283302627	5.89078242234266	2
1.61098143884796	3.11737723654795	3.81243345411303	2
3.14701666158468	6.72091798545511	2.96518417967751	2
4.59863492761432	4.62305541469971	5.74577951072650	2
2.69106552783043	6.24926979609274	3.04489144367804	2
5.70114426075349	6.26319612260883	4.64357236939941	2
5.84525743527570	6.38670666401748	4.08213658785927	2
3.58447257898024	5.08850852762746	4.87193047869050	2
3.18866849440279	3.78507403351803	4.98200437184770	2
2.23866108076107	4.28899497798701	0.0537237362455492	2
4.93404435138244	4.61019732716354	4.96945167638111	2
6.48710798486870	5.17537265749083	3.40738433312399	2
3.67276193071413	3.77105367433073	3.04558671264012	2
2.77817156610218	2.38321134965514	0.320735982431336	2
3.75330035067473	3.74075503530113	3.06006621162682	2
6.79936414989225	4.20965807633191	4.69099032017243	2
4.87702917990894	2.27532027021346	4.01587754781336	2
4.72259498243018	5.31195137922782	6.00565443293027	2
1.84790981603637	1.37394377981706	5.09850568471798	2
3.61161196265297	4.52945319120100	4.36394215858922	2
2.20598357682388	2.08287521889175	1.85101713145253	2
1.60112480998843	3.30093634357991	5.51086913891037	2
3.66236842975354	3.51546429134207	4.20707162949321	2
1.39089074113315	3.87261649576762	4.66088187776641	2
3.33249848670505	4.65077540969995	5.70730982541192	2
5.13679396438161	3.28298694369541	3.60828613326253	2
2.74419977938543	6.43009726115525	4.29453491361005	2
5.35195294280499	7.17819570644449	5.90523378101632	2
4.12880182377770	7.71159281030531	3.05874725397962	2
2.62254392010353	1.95470081497189	4.91330393017682	2
5.03380501392746	4.55947407489814	3.78533822178787	2
4.50514503443285	4.96472582078988	2.63360582092079	2
3.32662460023666	0.277220727526423	3.57298280577538	2
3.61375630384323	2.66703112819230	5.81875180432817	2
4.30583083983681	5.01343532479090	2.72858742649996	2
3.34478799863279	4.02063103406211	0.823576160629358	2
3.48295755943202	6.90923210075672	4.57616741859903	2
2.06497937239344	3.11746920044639	2.23750970843253	2
4.36531297350535	0.597329298960922	4.52666350923289	2
2.28432376518688	3.78785376984391	4.44411650658963	2
6.53595171121014	3.49754110873037	5.23153751934631	2
4.30390741027043	4.94672707429994	4.57198975939783	2
2.14507878077897	2.17386549603883	4.16545746443646	2
2.26801091965746	1.29414158510553	6.50308041707090	2
3.47641832967897	3.46349829500583	8.07497111661895	2
4.32174980541904	4.47852099465513	3.68949186289884	2
2.58042295597776	3.44937458407376	6.36272271676943	2
3.02137341085822	2.08268859157020	2.90139259493329	2
5.64985525175790	5.90991123879319	3.54385239577992	2
6.11517682198457	3.07950332625427	4.35896328184643	2
5.32452135776350	-0.776837877859857	2.66283604881838	2
3.45302962838056	3.35600522964306	0.437481250945830	2
6.52490179969932	7.64299424586442	3.84600984830572	2
2.79115048426394	4.49447470203332	3.47449067992079	2
4.84302794516452	3.37446664074557	4.22644278647318	2
3.31101385983850	4.43001814909385	3.67023981753145	2
3.53341916187040	1.45633638653882	5.32153868083812	2
3.03033408830214	3.88675724070539	2.55157701479308	2
1.39660728480747	5.32575375358341	3.92012721243978	2
2.05181015761132	4.55752946414808	1.32925242845511	2
3.40488268376313	4.53825928939627	2.60256898794341	2
3.61703680040203	3.84988656431619	4.05597222456940	2
2.67792059152319	3.72863030870137	6.68697752768788	2
4.05264558328864	4.86012078501455	4.79617422533894	2
4.44384023587260	5.52456605306543	4.56322537164308	2
6.57424369561687	5.06217972425997	3.71376516642863	2
2.79242926932896	5.65654261065467	2.91758425040311	2
4.15382465373425	6.60966481917220	7.37704955401479	2
8.01716901650463	7.52394858492734	6.05540860399802	2
3.86594323706279	4.92482089329711	1.96617616360916	2
4.62687825389510	6.38880896397994	4.44997288691759	2
4.80665546231935	5.10959010202207	3.95210810127188	2
2.66836156384782	1.38059503801975	3.73189101221794	2
2.59845927247244	2.06291017278415	2.67986480123526	2
6.08160706351692	4.92480514866953	4.90643733707447	2
4.00592031877555	2.26478780279676	6.01177426439177	2
5.66411505836678	6.13210956806304	5.09611604481276	2
4.76582167584824	3.84909737702785	6.29951280893426	2
2.75367278751822	4.86403622315497	4.55474173892873	2
4.24145271909639	2.45103267625934	4.02426797981847	2
4.81117737346234	5.08384846948414	4.15574585240989	2
8.80285836759744	5.91739553529696	5.22674947834105	2
5.05647782487091	3.17593863353692	2.16179649886163	2
5.36977095459873	3.73489842939996	4.34465616664090	2
3.87368658617359	2.76324965110198	6.28097893429554	2
2.49701372122007	3.00460997841666	2.14740203078052	2
5.21041670763422	3.37090444037326	3.58493366446916	2
3.12037898718305	5.73074843105902	3.36370115666026	2
6.97776316771571	9.74741570444483	5.34799493822371	2
6.60180774088124	5.96930742654026	4.32815108119832	2
4.88525116574916	1.19467778217647	2.64097793109781	2
2.83126542889386	4.07953766284474	2.95060938405008	2
3.58136816631466	6.93291514183673	3.80367627234093	2
4.67632233386359	1.83640685597600	4.33283460201262	2
4.94928745270010	5.55735460626937	6.43937473700054	2
3.52448623967179	5.24539276917882	3.42327942174105	2
2.95504698373599	3.79566311866885	2.26732292035940	2
2.92524669250306	2.58880529158899	2.38721024347970	2
2.98485609162458	2.79202965651948	3.65742053599457	2
6.35819358290698	6.24384075220672	2.26714098726771	2
2.59454144221896	5.39378351267262	3.47452668710168	2
3.05362411479005	1.40640462773961	2.22624955078443	2
3.20374142084096	4.33550940963415	3.40554976987575	2
5.09594273196499	3.50344929536116	2.89615936718644	2
1.57452129350431	3.10132486173262	2.99444554200452	2
8.75170827590975	6.90280415653826	2.37344430000948	2
2.84534385288246	4.10724913088497	4.38074251995151	2
5.18790176211330	4.98897343328060	2.45610098869217	2
4.22841041758717	4.91035958790309	4.37553931959523	2
5.31082834696385	4.31615445170885	4.30294678364452	2
4.42956139926163	5.45213729771074	2.96332012579639	2
3.93122786161660	4.08892996277923	5.15292973181795	2
3.33254732043458	3.45195444298413	3.20811124619423	2
3.78830571530825	4.14883249249663	4.65041608498919	2
6.38980903266208	4.61333076244825	4.27608844108546	2
7.18262556828109	6.84850171759453	4.13248288915283	2
6.07392558008236	6.53145152506754	4.74569675578727	2
3.00791545658108	7.15247087164768	3.16773057628969	2
6.52571537473929	2.75347060383588	3.19787041755517	2
1.01291806170695	2.56663968093216	3.34994360944950	2
3.35766542772056	8.78945227617008	3.22501901548521	2
4.92047910870237	2.88947010038303	2.74296630649392	2
3.01287333436625	0.920971368946424	2.89494737481343	2
4.08332763504350	2.62067590177804	6.95732158091386	2
4.62660753726825	6.52381564830369	0.957460195357592	2
2.90392202565671	4.49840783478038	2.22044087831238	2
8.00871554809861	8.76287344522744	5.45850198366674	2
3.93351735987984	2.59193887429105	5.33061051570333	2
3.36143685353025	2.81466918619053	1.67276139056606	2
1.82486902137730	4.16991008641756	3.34866460218195	2
3.77827001194274	3.51483109634747	1.90534839366154	2
5.15610359200119	3.84919400027885	3.45137316900779	2
1.78159230766699	0.945376374213649	4.90179865273852	2
3.51694247838776	6.34348432115013	3.26040259602250	2
5.15285030040717	4.45486673406307	3.33431247287381	2
4.79393096103264	2.22923793083588	0.982838190801028	2
6.87029938208189	7.30952687432113	5.31544815360709	2
4.98913079062893	4.26583543367192	5.19232402149846	2
5.88195355416617	8.33892120653741	6.14193036155042	2
6.28014108106177	5.39866452557517	5.41578371581219	2
2.88527268216699	1.08432824718165	6.04509870363898	2
4.81237222397066	3.11498247220168	4.48946610550797	2
3.73670915619035	5.41137507636171	6.01704315180581	2
3.48170115037384	3.43386852623278	1.34863057956740	2
3.80908798022608	4.41027765211110	4.93149174266122	2
4.09096112222112	5.54719053389992	4.65768538321645	2
5.02288395536120	4.05291491871980	5.08716926095128	2
1.43725220398422	4.17012684332955	2.86575326088994	2
0.519328343796849	1.58830705479923	3.05515718998235	2
3.78742213624721	4.70880281633348	4.90061666701384	2
3.35244066542260	5.43684777172866	1.70476090750080	2
6.30203890853049	8.86822658105338	4.64140343462389	2
5.65316722024426	6.21287902516748	6.44353156619180	2
3.21512035536395	3.85115022249633	4.13438608559520	2
3.44238437677650	0.608879360103781	3.09265392230895	2
3.07426217265186	4.58100368664784	4.90387611014356	2
2.46302293280431	1.12836277543866	4.79248987101348	2
10.2931284184290	13.5472237798936	9.12872741446109	3
9.09101825839325	9.13065586822460	11.2160911356509	3
10.8645381044355	11.4072482112303	11.6164816403962	3
9.92509734937346	9.26074166290251	11.9025134031093	3
9.71657504005665	10.4871241521905	12.3083950059169	3
6.90746850209456	5.18397823246690	10.3711017460396	3
9.81634847220191	12.4721691273662	11.2058824506765	3
8.18199178806617	8.17341933481127	8.74826699805689	3
9.53323748941150	7.48764801713081	10.4648541414435	3
11.9007003522497	13.3914628353453	6.48811155524171	3
8.95775286429265	8.20400973572079	10.2734666087506	3
9.63698286005995	7.83126154461642	10.8075099136997	3
7.56849419484935	7.96760323960728	9.81639471457402	3
9.65241796458870	5.80796901167089	11.5291230578136	3
10.2161748380796	8.97781837447512	9.68233492397776	3
12.1238351945920	8.76593375325951	8.24586982493503	3
7.11818929171675	7.67382763080208	8.22438202369095	3
8.55896718380212	7.93063124973567	9.24343468682902	3
9.99288382717795	13.1038280040909	10.2164564437556	3
9.28378968305158	11.6601847408110	9.82560668546528	3
10.3355285677502	10.2396206604555	10.0037964382909	3
9.07527490526740	12.6892861750374	9.66748884662254	3
9.68801303627595	9.96580376045216	6.48698843101409	3
11.2316719208447	13.4144542564808	14.1469834718509	3
12.5197270172166	15.4706346843348	9.75474922978514	3
10.5065189857575	11.9124803539502	9.27635284561460	3
11.4127812164483	8.80961542068378	10.1776920541594	3
9.71895999909218	9.43330011103260	10.7092274243224	3
8.90118027533180	10.7628405057805	9.08450183494415	3
7.57858601747993	8.46241922547637	11.5741464762691	3
8.58544823183722	9.56830325419512	10.9488970220572	3
10.4621685230183	9.37907488303261	9.90293582957924	3
13.7722428414311	14.0468078928374	11.3577958299455	3
9.26774395232712	9.39979621573891	8.54017189621777	3
8.80770760454141	13.0862657497031	7.73125845585923	3
12.8774080744785	12.0978065752372	11.0237477367814	3
8.84589866924724	9.21185523355387	12.3044319677615	3
8.65184535471519	8.29410162697488	11.2478528582741	3
8.75854182687184	9.89606645912241	8.29609178274382	3
10.4955097794181	12.1199076392500	12.7154510088957	3
10.0580428479143	10.2135584017231	8.95800145561147	3
9.23992389602991	10.6403788377191	10.0257119537510	3
11.1139820862960	9.42201836883260	6.56245863843353	3
10.3402032533115	12.2866326920993	9.67297189969737	3
8.68219993736306	7.35917515912172	15.2009788221098	3
9.39982586343980	10.9059613693179	10.0508566777911	3
12.2809714654007	12.2559909627065	7.12091537052663	3
10.0547587700742	6.87208859681172	10.2719913931196	3
10.2589396884000	11.1053319234849	8.96372265510523	3
11.1123120219236	10.8862671298236	11.9760716731577	3
9.44959798516467	9.34187504305989	10.6034236964184	3
12.2129694086701	7.12520117009379	9.91364844493246	3
10.3968987356965	10.2540587621510	8.57597959300446	3
12.2368685440579	11.6049660708850	10.3350890239543	3
9.37024815383719	5.66328667061374	10.9563538834207	3
9.60798346941836	6.38449497988524	10.5844226731832	3
11.3989605550847	12.6494670503788	10.1495971987733	3
11.6067871687808	7.68607803923449	10.4570958282479	3
8.62282079016684	7.92528268462153	8.88451332243137	3
9.72246894817756	9.94758247886550	11.3621821618110	3
10.3723920453736	10.6704343004911	8.73917305354307	3
11.5914670519000	13.4166579618126	9.07490180509699	3
10.6470731101912	8.52327460397607	6.71178703108773	3
9.63279057971586	10.2301705533410	8.12038283809292	3
7.48519367620902	11.7607688392801	11.5578625292533	3
11.4235897590331	12.5029221037093	7.55334526707851	3
9.92723775400391	9.75448693145201	9.33080818850656	3
9.71715636675392	8.78848574361916	12.6812505658658	3
10.0256768909020	11.2653567384050	11.1377583468489	3
10.6787933971218	11.5192011117540	10.1254826721061	3
11.5681666407226	9.99588496289585	11.2346023081106	3
12.5093350529951	9.98260623562133	10.3406395110944	3
9.70719972635819	11.5125529462029	8.59762247167763	3
12.1800383700629	11.4002678928202	10.4832693083014	3
9.97874735740401	10.5559523292348	11.2115917961960	3
12.2793566099738	10.1727239494168	10.8719917230987	3
11.6174198217722	11.4609817265067	10.2381478790012	3
10.8218088148418	6.50012574806946	9.63446670579285	3
8.22064862356659	9.51925357276264	11.3619556375049	3
12.1644725417681	9.76582018247965	12.3257610779500	3
10.3366896824115	8.50065752286229	7.70446332666018	3
10.9014861120449	11.4862548521139	11.2762319736988	3
12.0670648443318	10.4228417165435	9.04117678822439	3
10.3200919051434	11.3291009537008	10.5665058554673	3
11.1925800101905	9.43962236292495	9.33054285108499	3
9.58726958745229	8.25764277768630	11.3267218514855	3
9.25705083825818	8.22093373010082	11.0503184157262	3
10.1500091275654	9.87302465963956	10.1098021841414	3
7.92925835674178	8.59004946953006	9.83945889370970	3
8.15228294311239	8.82516024748036	10.0692262864220	3
9.90828038103875	8.24607340003385	10.7780354001748	3
11.2788472955222	10.6526824491471	11.3945770354533	3
8.94762486162627	7.38860528356386	11.0622155925289	3
9.33486970632743	10.4901594243659	8.74770458419340	3
12.1457981125458	12.5823820278001	8.96672490826972	3
9.93465916672060	11.5229833795787	8.76220177986435	3
12.6254849996539	13.2394586388131	8.31089703355523	3
11.1550939765127	13.9948054133682	10.6299065225538	3
12.4104257623423	7.89852646549814	9.03602207935597	3
10.0567763438421	12.4873317465074	8.85183838107382	3
11.0595710652977	10.3329143788924	7.43596072028212	3
7.93733897115478	4.62082382867351	10.1608411082981	3
12.1937120363982	9.51413106014366	9.08305332501650	3
11.0242053731311	10.5587460065271	11.8106149198979	3
10.6802054804536	11.1813083800470	11.1886511494380	3
8.77653378897709	11.9937389612163	8.76451460634802	3
10.7815550511129	10.1488609761746	11.9456374414355	3
10.6456522882787	12.6114208805507	7.30655239444651	3
10.4203162441049	13.6131093974191	9.68335268765478	3
9.03286764248922	8.48752427649355	10.5011292953229	3
9.73269791897488	9.07156722617530	7.64871199869361	3
8.11754822985330	8.19444861866705	10.7506330146921	3
11.9827777098760	9.59963159792042	11.0761024546599	3
8.86934731295160	6.28791039223901	11.1937140734587	3
10.8571542481221	9.94987533865977	9.01157206466315	3
9.63023687150679	8.94916536008887	10.3078553946675	3
9.63265377677223	7.09594315152481	8.42751775937751	3
8.26341463979541	9.85898352834826	12.0044969832477	3
9.63949039957070	6.99100666175392	10.5545381422244	3
9.63109427448886	7.63039857357066	9.75582376304601	3
8.47840040450432	11.3258163049906	5.81702578755249	3
10.2813895494731	9.79514665402808	10.0185045183253	3
9.43669966267274	12.1404490294790	12.2648209797643	3
8.30475394880522	6.96804171271237	12.2024037908745	3
7.50876218459182	10.1367436764154	8.07101648188256	3
9.14874452632276	10.2547247734967	12.7807839306019	3
10.4752977970435	10.1348637737128	11.0019503202693	3
9.66201723115387	10.7809388778449	9.32783415605087	3
9.59240726959289	9.49855230252532	11.7066963578456	3
11.5989191943027	9.63615963597337	10.0821667727634	3
10.2481471902188	10.7595493594335	10.5900469178824	3
10.0052484706960	9.41208000167746	11.2930289110706	3
9.25330657351806	12.8919338022772	10.3170726459253	3
11.6335740537861	9.62976235681185	9.16020120892088	3
10.0731297627283	10.7188708079813	11.6232764837087	3
8.86406303814968	8.04355720799448	8.78706335764125	3
10.4211196880616	12.5277950892381	6.39129717444649	3
10.7437636556773	11.0510306968677	10.0883167359357	3
10.0531681275983	13.2091577908148	9.23514513017183	3
10.2398964575076	9.90001137089838	10.0297074152122	3
9.98535356660415	11.7454063522310	8.43782905560070	3
10.6022692533241	11.3301844198449	8.62429626822951	3
10.6767701351882	10.4192939452360	8.06264570760557	3
9.00608763689640	6.61168260110317	11.0856411558335	3
11.2236302937416	11.0973705311286	9.62908941184815	3
6.36332442891615	10.4227335245474	9.73621962720300	3
9.33476482721608	7.91946930201699	9.05205559871658	3
9.63010925424828	7.69271492649700	8.57059259791739	3
11.7454618773287	12.9480121151626	9.05244931870378	3
9.43610887988533	9.19991163175831	9.35958637316536	3
10.6652192026155	8.09700792533575	7.41044977847495	3
9.90484288896037	7.99772041197791	10.7188637611771	3
10.2323629305730	12.4682558087344	9.06116582555251	3
10.1342756660514	9.43770913458586	6.24659028135907	3
9.43471793633139	11.3212719179245	8.69253322553886	3
10.8634097028556	11.1014218670601	10.3166795773430	3
10.5568106132685	8.89839718962960	8.70003864685461	3
8.44841223704383	6.87464364815508	7.98915325384512	3
8.11374406249445	10.5119922279353	12.0105825339426	3
11.6554667053058	11.2764428903569	9.51977685306232	3
10.0839446444367	9.51154445645260	8.75529882859839	3
7.91196603191639	7.72470353274593	13.4571852384857	3
10.8661850073477	9.56311495808122	8.91622344156034	3
10.7992516534641	13.4277912155094	12.6161520869663	3
8.10062668615242	8.41311008587283	12.9501516087796	3
9.46633320935712	4.32044341515778	6.95896317614506	3
10.7498289296650	9.05845391242588	8.24678559693567	3
11.7234232371376	11.5660282211402	8.17018970258938	3
9.19026549419676	11.5724372784917	8.66964412666467	3
10.9342472350593	9.20827810318520	8.97644475083152	3
9.61987573325828	10.9822432959007	9.25951478706384	3
13.2337103337326	11.8575320615020	10.1938242617552	3
9.26143619936194	8.91158121392866	9.04925563814658	3
9.98004226061046	8.10285549834078	10.3392211447575	3
9.24658649498393	7.79692636550989	9.95240563662221	3
10.8804946179826	14.2274217324642	9.34416565759345	3
12.2238582367272	10.6002387678518	9.62110466047896	3
10.0207731842858	12.4196653804305	10.7408927297412	3
11.0163785830795	12.0270335878311	12.5898021348003	3
9.14005003585837	8.16496076595466	9.80974542160145	3
11.6164283756940	10.7923876033114	9.38665056256737	3
10.1552274634031	11.9100106358392	7.66459103162998	3
8.09389851802511	10.7062901991357	10.9997047027816	3
10.0847772555220	8.93212012460115	11.0499284062186	3
8.69036660058154	9.33312053440517	9.28376412351149	3
10.1902143289117	10.2871666759641	13.5865316241915	3
10.6944237363314	7.44821439018563	11.5449699954463	3
12.2803734286984	9.74171269630365	11.1476303195399	3
12.7307136804838	12.2760241951687	8.52402894205574	3
10.0091531225292	13.1757608212009	10.6808158335641	3
12.8060380570357	10.6011551683213	8.06329791563304	3
10.3664626893471	12.5771673396891	9.41219213695700	3
10.9298849504694	10.6392242488177	8.97473082192711	3
8.87207744682200	12.5235092134122	10.4665717824490	3
8.59984827922602	9.51247912373817	9.61749739168595	3
9.72916557410833	8.08369273188832	12.4413510195589	3
12.7388522833942	11.8220428945479	8.68422736142405	3
7.50312347212908	7.86752019540224	11.1190386571861	3
11.4207247192576	10.2914436639422	12.9086476594031	3
10.2548793596710	12.3500421323526	9.82440523984773	3
10.8064330591600	11.4238888556165	10.1424564550854	3
10.0466014820410	8.45589812799212	9.60558462983093	3
8.09204597214124	10.0052597810120	8.73815238013792	3
10.9232440756347	10.1392428907441	12.7110944587376	3
10.4071574813550	9.38672325358418	10.9498457769757	3
9.80681514149788	8.89694338505069	11.7941676047861	3
11.0491999982497	8.68749216538993	14.5893649291689	3
11.5340220528751	13.5039969673356	10.7208695182942	3
10.2816610277548	11.9464095125102	9.22653833544025	3
9.13166620249151	8.42895386899381	12.4380447163553	3
12.2128544051449	10.7455571526758	8.86970816768458	3
9.94644834884586	10.4353869824007	11.6306504165359	3
7.98723609941596	9.38625781865160	10.5741114854941	3
8.20610495574074	10.3894166847215	12.4862484307807	3
11.0667122237404	10.8803655330051	8.80320756044093	3
9.44180792292096	11.4410849797380	7.78475237848890	3
8.09250414904087	6.88393327850268	8.90888136886660	3
10.5415047697371	12.3523251489180	10.0572193256979	3
12.5731533201323	10.1726677773442	9.66683569698874	3
10.4350297344467	13.6414864743379	10.6953503379971	3
10.2818648232253	8.47905074612914	9.78576297591300	3
10.8719356449964	10.7663334860917	9.32035427937176	3
12.5062154205230	12.3257297944091	9.18370540222382	3
13.5587670356325	10.9560358867888	10.7395951301333	3
10.3777723881669	9.37399457544702	8.22124347083061	3
11.6380705603148	8.91454043542770	7.92675738236465	3
12.5749344624180	11.5260647315548	8.64573503475958	3
10.8427106917418	10.7794890635958	9.49372260828931	3
9.50757098745701	8.99923407317397	11.9199848530236	3
8.98722351240838	11.5837327373733	8.37670571341682	3
8.12811209203827	9.81873669718035	9.19579891353664	3
9.76790494957301	6.11451656306912	11.8617872742517	3
10.3511082519919	10.1580552329540	13.0907077650924	3
9.62020043416492	10.1411315826747	9.69830584650654	3
11.8796049199995	8.28476460195497	9.89070987283922	3
8.76583561542778	12.5284962800904	10.4736405970061	3
8.33536674853235	7.67081303914134	10.4373362506567	3
12.2284144920136	9.13350373367842	10.2277163728190	3
10.6665995852192	10.5463963146469	9.74253482890649	3
7.50270737014980	5.24347329096773	10.3283299992472	3
8.27452436095862	7.80288735555310	8.62975851650824	3
8.46856310727221	12.3896130845875	10.4762014297866	3
11.0502191928221	10.7061591129533	10.4727460502924	3
10.2334404129019	7.89397655148361	9.40211563233180	3
8.45343855688045	10.7557696738635	9.26542299688313	3
12.6070577731231	12.0445896054383	8.72139260628086	3
9.77695175519783	9.43182079486679	9.49196020129953	3
10.3973421175536	9.46460615478503	9.93024494633348	3
10.4293089002224	9.63563773720855	10.9361087532273	3
8.05743486752975	9.37682148302835	11.2999306242677	3
9.51178414739097	9.70436079922337	9.59930531858717	3
10.4571184719319	10.5112713262907	7.77548506980803	3
10.6184783081215	10.1017659765183	10.8154884792023	3
8.46757670396487	10.4457325271897	11.2312501146240	3
10.3383594152901	10.2666272496081	10.7306159502108	3
10.6907629289960	11.2497961318322	9.05715055838902	3
8.28417160156024	7.14222507149537	10.3936711046000	3
12.4738167441321	10.3730281052101	10.3544211903650	3
10.1502452958590	13.3275565579434	9.92219565204574	3
10.4811160699603	9.90595563407680	8.36857338010927	3
15.1160223858071	10.0700686252311	8.41403856137177	3
11.9593002395651	11.7558407405760	10.1346399669983	3
9.98642128965470	7.00179789313805	9.49155096640812	3
14.0747865800405	14.2380190978202	10.4887458940709	3
11.3808540653052	12.5087817620163	9.12895576185008	3
9.78379331699984	8.76021692655291	12.9117354449947	3
10.1726968117426	8.38276828208272	8.98058144932896	3
8.11920852336171	10.4106053260886	10.6702686182049	3
12.1058476535376	11.2638380053421	10.4429262124057	3
10.3794084326731	9.05647694418838	11.7720080570040	3
10.5445306349762	8.59279926475867	8.23129689422192	3
10.2091988517681	10.4529559181481	7.92283853959730	3
9.15855312654111	9.88724495268542	8.55483781000338	3
8.86222902068784	10.9141382224772	10.2857996037609	3
9.48102231008025	12.3246373807230	10.7780468284862	3
10.0880232872592	10.8962863619339	8.96859762692909	3
12.7661689132626	14.8002739501809	9.28431278470597	3
8.70312298499072	10.7660001852702	10.2421631098888	3
11.2226173310749	10.0698878411730	9.71630431060598	3
8.41508731490448	7.77283052679122	6.38726508838364	3
6.52108785691929	5.58116026593820	9.30661135286928	3
10.1332260724815	10.8216783031398	10.2672773344462	3
7.99832979331891	8.15423513846768	8.20593938565036	3
8.60191239628623	8.52514460643848	11.8059600720385	3
8.70124520185560	10.4105435580413	9.28569703429265	3
7.46903374312352	8.87682007270399	8.92705808168076	3
11.1822821432989	8.35175610986059	10.6286683115456	3
11.3952810707425	9.56435881003194	10.4665228503315	3
13.3313653589914	10.9629403856703	10.8234847471022	3
10.2645769177362	8.56924701047632	11.5491588396826	3
7.63711715372911	8.75946718314475	9.32474162882725	3
9.21158782213770	10.5955592195951	10.1785423612723	3
9.79385717642976	7.85132530142409	9.28993095547007	3
10.4062910523262	8.55879417576138	10.6061515095223	3
10.1388929405685	8.37597948265197	9.13923334396989	3
9.92756825801241	9.65950466185264	8.44123514426803	3
9.63996859221835	11.7091966874478	8.73305001783320	3
12.0082437772064	12.2875636064691	8.67698635629181	3
9.77754884657942	10.3490249691499	7.87020297837267	3
6.93371017717654	8.37052483295163	9.48246122663021	3
11.6440301096320	10.5506684157568	11.2708254605090	3
10.8492867770123	12.8930728732055	10.8169469458426	3
10.0756362518873	10.8980786860332	8.05893807233781	3
9.23530511159350	9.55585449792060	8.25824359832508	3
10.9678056768179	7.55204452195994	11.6561192583447	3
8.98534103697914	7.14010052944096	10.2239804132187	3
9.55287177792289	9.56222070612677	10.9619276157148	3
11.1164248279252	9.70588215728310	9.92699996696150	3
9.08659997316843	8.72229254379537	11.6531239282649	3
10.7797954207989	12.1505428867295	11.2572531245506	3
12.2952876843597	13.2561313972882	10.2920672031459	3
9.82490229273750	11.5984002144090	8.60923814146839	3
12.5904732771923	10.7520228186633	8.91065107631369	3
11.0223785701681	11.7659354927121	12.0107327362824	3
9.97256255358112	9.33383869450171	10.2196332712246	3
10.8250480254381	12.2433707138970	9.49534551363237	3
10.2339726772352	12.1415820378633	11.1648832750755	3
10.5181880865403	11.3277089408663	7.32908352817019	3
8.37263580614245	9.85667304674741	9.84622916541322	3
9.55466115211751	9.44688250227268	10.1660990735611	3
11.8389073204511	12.2439485531271	10.2370003063751	3
7.45802585938333	6.09352969265307	10.8478998988277	3
7.16087890964054	8.83214248325333	9.15170626135433	3
7.77949349448842	5.30499320168672	7.40452660433925	3
11.0526175670450	9.09917117142971	10.1641229435777	3
7.66950490517837	10.0573859999421	9.29582832854980	3
12.3966453623359	10.2081881541281	9.38902662372266	3
8.09081502331329	12.8252735329068	9.02507302979261	3
9.87659526848398	13.2542130879761	8.70398406764633	3
9.82660785866187	10.7796996439710	9.43932315137012	3
9.76024217855393	11.1376408639145	7.30246767480834	3
7.77817873242308	8.05853817965911	8.16305554971360	3
8.66750852243327	8.91867961877525	9.19636506150480	3
11.5914773165435	12.5595844945153	11.8940379473578	3
10.1244179067616	8.31633025969057	9.88619193251477	3
10.4538371055674	11.2115306483135	12.6982987499231	3
10.4704917490501	10.5377405310075	10.1134455797697	3
10.7964421318121	12.1330014872944	8.28429844848266	3
10.4054828200831	9.32492134117366	10.9149740956935	3
6.43072870756601	10.4279444648827	11.9228564914495	3
12.7679816207249	10.2063618478435	9.46514497368654	3
8.80371256236182	8.00819779862595	10.8140841202546	3
10.8338427258784	9.35407375190719	11.7308688193823	3
10.9810330532619	7.78745607058159	8.65948834819458	3
11.0121094623348	9.19227510149259	9.53492726290388	3
9.93953145802312	9.91392761386760	4.98876219237108	3
8.47039898095856	9.94034410371108	7.88104087399599	3
11.1620699598091	7.78813912942935	10.2949081612838	3
9.93800840650944	12.7891173970821	8.33007927745973	3
9.85649510558930	9.81845039287817	10.0627969954233	3
12.2161017509287	12.6055184652522	12.5053537304383	3
10.7814434195930	6.62385396434351	7.98752334820868	3
10.8840460438619	12.1767539609720	10.8257581130501	3
11.7280820276190	12.1249435192143	10.5669347647664	3
8.89736479688845	9.75230539672226	9.99381678423191	3
10.1292414663130	9.90459865369409	8.82213632376660	3
10.8903107169576	11.0943117154327	11.5286141336495	3
8.47521188916887	10.3181257023361	11.2921193309928	3
8.33132156414310	12.1173767016013	12.7539241713667	3
10.0798171495244	9.27414416958490	10.2125752753443	3
10.3198135044216	11.8938531535328	13.1997663155943	3
7.17492230953481	7.14737212136594	9.96853535233837	3
10.2211783387888	9.96185721694830	8.73693518074674	3
10.5055590966899	11.8169067326897	12.1598468773616	3
8.97413701510495	8.42403778627929	8.23275095222935	3
12.0896021235482	13.5165476607195	10.3808154380659	3
6.79012497177649	4.98791661493982	8.33723461802381	3
9.41884391743851	9.83018176291645	9.13358417064207	3
11.1223479728582	10.5270561469340	10.1045965578171	3
10.4550578679150	12.0923792912443	7.39800276869156	3
7.84811276238066	7.84451598616628	9.55485146806393	3
10.2317922008933	7.76857691869759	12.4607878866041	3
12.6757974190409	10.7054447289167	11.0071273746243	3
8.56693349045380	6.93210680099317	9.55094792614329	3
9.59375342848226	10.5073832845110	9.72977632022739	3
11.4581460221840	15.4467300987649	12.9067500866728	3
10.6198739238447	8.95486871339596	10.3659123309637	3
8.68294257146241	8.95723656538149	10.6646566220496	3
9.75859832184824	9.90367823894671	8.80630401898970	3
11.5127957266287	11.6675449516952	6.16328244793094	3
10.3347163179955	10.6234102485172	11.2726860291497	3
11.8412707996802	9.94474415593123	11.2645949577792	3
11.7344087187421	9.74290493316678	10.5162813867355	3
11.2097596165121	8.97598576487442	14.6042750306851	3
11.0941388122671	9.64892643904363	10.7250016786911	3
9.96019987989083	11.7348526548685	9.61715559996571	3
10.4223586714848	10.1149322963369	10.5845059568655	3
10.8798528269312	8.66164212042925	10.5896044763236	3
7.88916169136916	7.98360374454595	10.4642833048174	3
11.2353875495693	14.5229875797778	10.7630954591473	3
10.8054026825033	11.2523965258121	10.4257220674696	3
10.2055244846365	8.16306293645508	12.5039381518423	3
9.86698658311373	7.98016075685793	9.01543494854149	3
10.0422914268660	10.7210636830220	9.47566213107442	3
9.15565720927729	11.7472039467707	8.67691099258584	3
12.0219272144740	9.89217364626233	9.44294965730276	3
8.51942226676290	7.02289589176054	10.1521981535462	3
11.3777132702082	7.68495599849037	14.6596230974797	3
8.10240404503602	5.81563560007003	12.1052128172264	3
8.80778740000730	9.68503343017126	10.2810367941066	3
10.5659081066051	9.43290817393361	10.6916938322818	3
7.85388647695054	7.06465386159710	8.60063462507901	3
10.2538889473192	9.10837969985941	10.0830165993699	3
10.7856053134602	8.21174004612229	9.79175249970710	3
9.58794592817758	11.3624940377958	11.0270689920455	3
10.7913194191580	12.5486835339233	11.7338271650875	3
9.77708974084359	12.4575210160994	10.1109025765481	3
7.11900628578438	4.88463979222587	11.0114346812881	3
11.3447743810093	10.5391782529586	8.15962334470903	3
9.79256872611918	8.47602242353973	10.3263933011725	3
9.32009163063533	7.74100372745253	12.6042943599501	3
10.6717248321271	7.87786815898377	12.2539105852486	3
6.80372250111607	10.7217655732846	9.64464067538759	3
11.6563814661821	11.9204386081475	11.3109619621673	3
11.8022933566198	11.8999312457598	8.34452427532881	3
8.49526783497032	8.23281221740071	9.11019682564176	3
8.98551311522077	9.98207003563586	9.24448401133498	3
8.88571587484884	10.5644890191354	11.2083729935015	3
7.72069244514322	9.02263193851425	8.58763343229019	3
10.4695085981160	9.97626971215661	10.3189540106721	3
9.28391317396636	10.6446096485513	10.1630120817759	3
9.00450332086928	11.2013858739300	10.6051349067351	3
12.4649042944025	12.7131083879228	8.81073820879786	3
10.1911727477248	10.9957370684078	9.77013985502282	3
9.34730168099449	9.82462022142743	8.64846576841113	3
10.5013723144387	10.6455864623625	9.10776064308334	3
8.39667029626390	8.64967348338789	7.82391833791664	3
10.1968970682891	8.50515485227480	7.22737523450762	3
11.1608779064332	8.72178967018546	12.3968010448924	3
10.1101462957644	8.76063274450026	8.95108313245697	3
12.5812065122226	11.0573286445369	7.65196128204889	3
11.6082743780484	10.7876885107817	8.99034890992743	3
8.76030970757120	10.0163374364752	10.6304585242930	3
11.4381632315482	11.3542805169779	10.8350630734220	3
7.68844341568495	8.80506493997688	9.59936640927410	3
8.90100182620505	10.2897986756823	10.2819273015993	3
8.07151888863595	7.82129217880618	11.1843260829739	3
10.8404446696178	7.91732684088607	11.7449565576661	3
9.26723351548844	12.9872299869217	10.0131810318747	3
9.37886350474597	8.18736288760553	9.26972763126368	3
8.37368989544380	8.75566609475343	9.40270583386829	3
11.4626796868494	11.4449000041925	7.56531651276348	3
8.13056582232744	8.52332551228273	10.1148215967656	3
10.6882968673077	9.62598369019329	9.03608679638604	3
11.6238556261382	13.4184524034869	5.71838488008284	3
11.7532989670844	7.43512003744744	11.1465487919827	3
11.4135154540931	11.2251434343517	10.6614212965391	3
8.11018335416720	8.74772955922678	10.0482830347815	3
11.7115270874962	9.40185845283195	11.4878012127372	3
10.3275467346413	12.5219684511484	10.7414000371343	3
8.71679368975326	8.19913136694254	10.6108514367098	3
7.97990892594590	8.03511441277207	10.3144736366196	3
12.0119569447210	9.59508783555211	10.0912879621817	3
10.6117025192597	9.49315221525940	9.19065508259327	3
11.3463025039369	11.1982020392911	8.94626301566569	3
10.7712573075354	10.9556288662068	10.1839064841591	3
9.17510580933610	12.5447080722867	9.58208688170626	3
11.6669692375241	13.0836952261170	9.33467168385049	3
9.49389730286328	11.2173921865590	10.4838326250071	3
10.4073800662262	9.88184786104393	11.1930333059325	3
13.3904460869277	13.1858938625123	10.7223537622309	3
5.71056758580344	8.64288726808662	9.39888815067443	3
9.80085866906200	7.54361953205426	9.68929111178906	3
11.6094535522255	10.5452992404554	9.34424592487519	3
8.06003388105586	10.1783226362506	9.02471978481293	3
9.42513797694453	10.2366157122634	10.7827668988394	3
9.92828967256475	6.41490853242053	12.4927159914251	3
7.95133831432979	10.3724565474246	9.56122519753492	3
11.9579559025819	9.71950594195265	9.99854316183156	3
11.9342409568645	13.6606224583172	11.2788802518343	3
9.47259208814747	12.6182333330203	9.01619701698179	3
11.6496355771964	11.4245682587156	8.76536134904715	3
8.49439086427028	10.1377546714043	7.23083772027420	3
12.5884626523247	11.0590570412004	10.6418533936337	3
9.41379621285467	11.2172908918491	12.4862505701013	3
7.67009503502028	11.0147149292726	9.24330075999653	3
8.17079519118069	6.49866387507950	10.0612800084193	3
9.26819928269305	10.3584607990890	9.35379324420016	3
8.37488106068286	9.91369554085834	11.1385818687013	3
8.11326385023031	9.01487317312162	12.9555881490674	3
10.3498985008518	9.52749719321743	10.2847101842375	3
10.3963616934961	7.61366173187395	8.76057683208122	3
9.56322214110032	11.5401959632942	11.1911586687062	3
9.43566657271161	10.6907600710212	9.41443239717934	3
10.2835283767549	8.09527763104229	9.72471939671103	3
12.4983969277335	13.6101375329327	8.53178518768534	3
11.8379520725664	10.9339755778094	8.92461063572115	3
10.1773722483060	9.18721871518753	11.7573045609912	3
9.65997516641386	10.8040308055222	11.4936599587301	3
10.2463582169933	11.6834357208113	10.9140525341482	3
10.2702193484500	10.4181148298834	10.9615970832419	3
5.80227995909800	6.22015315952662	10.2659443690298	3
10.0847206870225	12.7236910282172	8.10618516180294	3
9.58917130311930	11.9922032227445	11.6725859214596	3
7.85097215115458	9.38907751103508	11.5171694395424	3
9.78827345288746	9.15694912260051	10.4433163251226	3
10.2597292456590	15.3599737676148	11.1700778778991	3
10.1580759304654	8.34659607516660	10.3851084155538	3
9.67497603425535	13.4497252156160	10.3110724723355	3
11.8193811950541	9.24490825657291	10.0149468862377	3