2.74564529772853	5.35755347333725	2.82339120089321	1
4.83049650203749	5.77854317593505	7.76432061922764	1
1.69296745386787	2.46544028226954	1.70971904625545	1
0.866653087961539	10.2658162582515	0.792153214123012	1
-0.426405393639491	1.03547269410151	0.950707288476791	1
5.31260406250239	7.67568540419284	7.54651254544249	1
5.79944386360906	5.04987643642377	6.10134128735508	1
4.29711793678621	6.77834020662712	5.28621128621964	1
5.74834465290288	6.18150373112268	7.76471712803721	1
4.74101910293520	7.46540089277460	4.82524476573300	1
5.14511559268777	4.54662303552594	6.99137638279170	1
5.80381671182432	5.61530082808038	6.35973916159622	1
-0.507701970562180	1.78206328276309	2.54779227782062	1
3.19581766230701	-0.669252628489438	6.05891460277210	1
6.14602402372238	1.58132416929533	8.52360796758635	1
7.05290510230850	0.665232834122699	8.16639307441070	1
3.47473454849020	9.38527727312148	5.32386241642471	1
2.80945914382759	2.33443600425830	4.32530625352154	1
6.76923892791229	2.57073172635116	7.79846014139054	1
2.37157359604481	1.00143919003820	5.82691778176483	1
0.519637784965100	0.617537991150540	1.96920459058962	1
1.90286362496966	1.39601981524231	3.96382383991014	1
4.26264812834416	3.44496042935952	4.19649041822782	1
1.64240707040880	10.1752216295594	2.92684295689709	1
2.42439511868533	5.66175519263493	5.19093776144406	1
0.449530106947011	2.78123584492012	3.23146570468699	1
4.64113659210629	2.63144131037162	6.72526598268069	1
0.566018402935900	7.51420012527284	4.35109002566962	1
2.09887422106042	-0.0325057150156818	5.88564619446000	1
5.29070114258658	5.84647114352177	7.33876171722369	1
2.54755481660763	5.39791585978678	5.69016084460615	1
2.88619796192028	3.30925307136485	7.13732591892451	1
1.97619766433465	0.412398833751800	4.83025526811832	1
-0.317197713033334	3.69058791025697	0.272681319545475	1
6.33997883642377	7.39576305299490	6.17937716945861	1
1.97617068860811	1.61240572468394	5.10392423712667	1
5.34660185006045	1.01593811536400	6.93311992742965	1
0.374743725411585	8.04298829752709	2.62279924519159	1
4.07016055746434	9.20807430855616	4.01593810118955	1
1.39611240151002	7.88883910962082	2.46131884686272	1
5.62420365649258	7.57466851069407	7.40277032452585	1
2.18548540000032	3.06129418605744	5.60996300573105	1
6.63358517997189	8.03066785219302	6.00870281351890	1
1.91241806932544	1.35915188828596	6.12785891279885	1
-1.04312921438478	0.430969499904704	1.06386491086277	1
1.82787798969700	6.45089442756416	4.08783383524522	1
0.451260539983412	2.00352404382481	3.56031870746376	1
4.69293986299269	8.79649832626012	5.49879713827925	1
2.88930605333185	7.08054936627118	4.33971056862991	1
2.24072729920164	6.14289418878600	3.48500816949494	1
1.24922367813393	6.52979402347134	2.19013992625076	1
5.59423900903015	1.99623301179190	6.34818352934571	1
3.78511715730115	2.11891309918849	4.68036634996577	1
-1.32560003811399	1.85209525116417	1.61981062478354	1
1.04060714060654	13.0389040175623	2.79960056160950	1
4.28483788178157	10.1776808319136	6.42266542214475	1
2.72472173513825	3.20928050976828	4.04057324426507	1
4.69470561037284	6.40735788446282	5.69656723961401	1
6.58901201524130	13.8654794575774	7.25941888048521	1
2.96204381303869	3.67388394491078	5.29273428614425	1
3.69595576114176	4.55954315745128	4.77231773267412	1
2.08054074077242	6.45985870287927	5.74993691839195	1
4.75231298197862	5.53254677018245	6.33969881953193	1
3.52028902688429	-2.46473668187215	5.20893758571528	1
5.42218601233017	6.30428878668867	7.48181018434988	1
1.07262296379076	3.10397304120479	2.93605529308479	1
1.05704453945342	7.24616741951603	4.97487728442526	1
6.30313365067221	13.1609336807232	7.98360166256844	1
5.33163882122694	9.11315769372014	8.37119094738000	1
2.86095930138350	9.73057974066667	3.27125988383512	1
1.48843290764111	5.83606452300442	2.16453076433544	1
4.67239059139114	4.29339349502581	6.82516807992168	1
3.46533436681383	7.15529001856672	6.27600998545837	1
5.68805863519994	8.12511504262010	6.46821645838856	1
3.40047982651308	9.57758792240233	7.27073282813341	1
4.19017489364158	2.54551431802762	3.27098396669844	1
3.17541243802839	8.50318535486608	4.36999365214711	1
2.74759266298186	8.93309553877386	5.30032367067185	1
5.10928140444274	2.28326135410619	6.16688430482739	1
7.08373850857241	3.80289124329363	7.37619856525962	1
2.38890975552395	4.84472606509968	5.79226418284595	1
3.83674548559455	6.61985715018140	6.84360678558282	1
3.58705600853245	6.08087651549461	6.27976324790322	1
1.52351315712876	6.23136960786018	2.08685981202901	1
0.331494468093316	0.747141347125250	1.02787022079325	1
2.12046660431471	2.61705011378180	4.29542238137250	1
2.01743690661145	6.44878030672011	2.30925532639814	1
2.80638753824306	10.4250216931170	4.18255917648761	1
4.50774944147939	9.51323939182191	3.76599218877891	1
3.72742008080742	5.11827802443071	2.91388342146324	1
0.394494421049476	10.6218059346037	1.16386917701683	1
3.49130586368076	7.90998739103818	3.61198324901518	1
6.64187537352020	3.06413531071510	2.98224242326484	1
2.82228848604824	4.83661455585127	4.22130879545446	1
2.73225270164339	-0.799316944386603	5.01409630978911	1
3.34290746641905	6.37395601579541	5.80882134054068	1
3.08776976597801	-3.22944655785230	3.52287548414262	1
2.87945062425303	0.307145831978351	5.13844477741198	1
3.85265344254477	6.26775542242027	9.04091994546282	1
3.73653585953436	3.00555035779576	4.08704113335133	1
1.58710459427965	9.59380542000873	3.45646763977186	1
2.65938310791241	8.82508022984847	3.87308755090596	1
4.74644523726848	4.41352530622578	8.24645352688393	1
4.18355097353727	4.47898330843691	6.91155723963446	1
2.03602542865923	3.37628512754630	3.87115987298418	1
0.573335638321176	11.0509352928960	4.09059390921075	1
2.74427512346343	3.41493916032246	4.96635917728947	1
7.32681480019843	6.34687561740723	10.3685444891693	1
0.222781147990614	6.18577649982264	4.36987542470063	1
3.19716881022685	8.43743896461666	6.15491734834286	1
0.926018243945781	2.59164366209724	2.69109887197531	1
4.49513250031276	12.3206087224192	4.57987444400196	1
2.30576424236166	4.25177129483846	1.79256768209277	1
2.96921671690213	1.40028382476193	4.44101738673343	1
3.65840457055768	6.60475981736693	5.65761592423828	1
2.36518252579631	3.28038168731252	5.09075554976441	1
3.45696895366633	8.61971503696835	5.23469452232867	1
1.74781544990097	1.70970875975649	4.22051377871411	1
4.73632824042064	2.18976158363213	7.46581089548498	1
1.96675337097532	5.01430293540911	4.39575505760121	1
4.70697568129706	6.93890233518421	7.28971659042503	1
1.67892732813498	-0.0701844849487188	2.24712501071891	1
0.0877950749048573	1.11674679531062	4.47311594513739	1
2.63365215367646	7.23456568625968	2.53205270705650	1
-0.224955073197972	0.801196840973184	0.0992830822276432	1
2.55944943143046	9.27288645055657	5.28165197816301	1
2.10590964922307	4.48379361920941	4.68474782106064	1
3.27912272993083	9.88106851434235	5.78122156857731	1
7.60113195205402	6.54747261833345	10.2780779728350	1
2.56287700267108	1.36083042534695	5.08843017130392	1
3.27085263138438	0.250327609715903	4.71266666176731	1
4.64553528957874	6.19435339441770	5.85149000302178	1
4.29131619055153	2.12027608638379	6.97225731987687	1
2.74293484362691	-0.434971125444679	5.48559461127883	1
1.89798057858991	5.80924627135321	5.62687130369530	1
3.68111656837803	9.66181152055214	6.59357691887163	1
2.83348212559687	8.33876152149651	5.41668243682021	1
1.11431440641819	3.31820090444124	3.82368532207820	1
0.417908931376513	5.62832284206348	3.89685932420076	1
4.96865009552706	5.82106403634719	5.99246719764042	1
3.34370601954212	5.24682263307281	4.84107141581281	1
2.09983146115816	11.8905878343282	5.68158073672857	1
4.01979252367577	6.78976516423147	6.84866587027134	1
3.89454980324489	4.51026040919754	6.25933144502660	1
2.68709719202448	5.27690360935620	5.19516710230587	1
6.97360263818878	8.47796552755123	8.44450534339011	1
2.10434994918890	6.61378581406755	4.88302020148953	1
4.22220850689462	6.64706839422643	5.47449244787008	1
4.81036429192397	2.63961521576067	4.58870528388520	1
6.62262831278011	8.56861091030488	7.42415247965127	1
2.24896170271071	2.12076294519123	3.67447461961529	1
2.98924049477699	9.81154110856170	6.36682549278903	1
6.15967131544297	6.23638539244856	5.49217243860578	1
4.68337641294940	5.94714403760534	4.72627508603987	1
1.43378662010812	6.70153056950539	3.66888689167442	1
3.73771876938338	3.16268959465748	7.38593637730941	1
6.42257587577971	4.57739829585853	8.34555849778115	1
2.43271386066973	4.64987472751848	4.96440394708623	1
3.87896979992488	5.60686537289772	5.42183759505065	1
4.37082151893481	7.27855716283045	7.54055584105127	1
2.36251644413805	8.88197946994780	4.70994429882895	1
4.92393180598413	2.11624706063085	6.03858360100127	1
-2.38342018611805	3.48148601226333	0.375860624110436	1
3.42587189136773	5.87513379701932	3.60081492547495	1
-2.76173698536210	4.72481645106839	-0.341502730580626	1
0.877660582348729	7.14105044116633	4.76295700776804	1
3.55706990743977	3.78762116077675	5.07578938668615	1
3.71600180985652	12.6780964286176	8.33220502964299	1
5.53268123066168	11.7110284959011	5.23241620327224	1
3.07150039149525	0.120569535904585	4.11834247242363	1
6.34670049170592	0.520455107050200	8.25289473046045	1
-0.587914423582208	14.0158518031959	4.15476114164620	1
3.06728167580786	3.78355275111260	6.06916033407072	1
2.46363852381442	10.0745955667293	4.71121228252071	1
1.95044949763806	4.16606944111292	3.92938783032322	1
1.21326895179528	5.02344097830618	4.03021115027837	1
3.25523660119821	5.25711317513322	6.44290502915443	1
4.70167122054994	3.66405791768851	5.00409980069287	1
2.51437729191787	6.02458280353328	1.59269745564988	1
4.46160606389677	1.55147682427437	3.03382315616168	1
2.75646144054402	10.6588443804522	2.84735127984005	1
1.72423393694495	-3.05083233539504	4.02087754388749	1
3.86143066107679	7.47352578597584	5.59244441961730	1
2.05458870184204	-0.267427357493923	3.04189430156072	1
3.71629035589014	1.47995673317924	7.28055571010659	1
0.987794907737567	6.10090384201112	3.10711324063164	1
3.52994922404422	4.90837117689973	5.66938410893714	1
3.57818466439820	6.87405395529334	2.69759503839922	1
7.02834069944620	4.19334314962534	7.90283607867256	1
4.43892938841362	2.65541403916532	7.58865531196921	1
1.66930284578492	3.10977118674706	4.76478894716744	1
1.31786671846636	4.47310414798289	4.64359333148041	1
5.18404935310306	0.724257006209228	6.62571935109554	1
5.06546335930945	5.39513252944207	8.78550178359675	1
3.19174122753250	3.44976253166823	3.63779083479192	1
3.21530191031167	4.50118518374069	4.43535902020710	1
1.47215600820109	4.67536469272522	2.67286509259763	1
3.91196515782113	5.93532929780740	4.91734939324897	1
0.644715030859092	3.64482135544511	4.22241300736885	1
3.23513482703079	0.609177517466585	3.78466063311491	1
1.81140321695834	5.37302578116921	3.79560889979580	1
4.21240454467272	2.73746064976476	5.11995302531121	1
3.48115576526706	5.71912583467060	5.66586302320030	1
2.87824732268680	6.26730598493518	3.05886564594290	1
0.965551639564194	3.65381534349628	5.17192267351049	1
2.52522419727342	7.50951366594825	4.41285645589404	1
5.71523478533707	6.08058530218310	8.24175847530187	1
7.22064682681642	4.15797711117236	7.95126080306760	1
5.15214202917419	3.60695697031475	5.63919422385894	1
5.15777173778483	6.99925228121759	3.11219431387403	1
3.95351277677724	4.31673272734383	5.93868944429806	1
3.07359743738663	5.79201274744575	6.49293491625919	1
-2.55692771049520	1.94176053650737	0.812239389189490	1
1.54265320274394	1.18191766446922	5.46474206214032	1
0.816099313466310	5.00829707521867	3.50288633432464	1
4.27253355187670	2.47029721192838	4.23117368341780	1
-1.08801116399297	7.24384072204589	3.28698901633393	1
2.68848640993784	-2.89633066541405	2.41302055463247	1
1.32235664129711	6.37357301150935	4.67189547812103	1
2.70029294863627	7.18052501520777	4.81269968548968	1
4.31704748348375	-2.33545877850267	6.24101151238832	1
2.07436416477438	2.97928575509256	4.06808898760398	1
3.76078367045856	4.38243750085815	4.66256865935993	1
0.0380936874441820	2.04328159892626	1.35684098967394	1
6.33373538533081	4.81004612435143	9.39053054737969	1
4.27097286762976	7.16510113077781	7.97542590733217	1
0.876389674568678	9.39409133388948	4.15528280176423	1
7.17367054488651	10.5720316958329	6.34189752627003	1
8.13649009035022	7.96932416228745	10.3021267911701	1
1.49906672106265	4.00440043271896	4.39996946726522	1
4.59143700458918	1.31062971955970	6.62232813073409	1
1.29986191314927	4.11725147120774	2.84281341685781	1
5.88456703623533	1.75226875648757	7.63486984602039	1
3.36379727636192	9.42999216388191	1.96341722411100	1
4.50773713061170	11.5178584694012	5.29508493744433	1
1.13389095174912	4.10652892212988	4.29427866860925	1
1.18534641898219	5.14225263435487	4.04427193524920	1
3.77154041852259	1.15656966806659	6.51297502286899	1
2.89226461232159	0.273541620358793	5.41157219863562	1
6.41712494855345	6.12806146023087	8.16217472000174	1
1.52621443357672	8.19562428953249	5.47688096534361	1
3.46780491956731	6.19057562894665	6.52249209083784	1
0.319915990364783	7.70674244044134	4.93907165040967	1
2.44072042558032	2.96190520497180	2.93430356665007	1
2.58140176113680	0.854179869270922	6.77614724519903	1
-0.213873609364581	4.40980302921966	1.80908923179617	1
1.41477644244023	3.95206145859739	3.33325855222345	1
5.32049460456117	8.41816477484827	7.93232942666457	1
1.03784303206839	-2.34056304143977	3.51308330806597	1
4.52193293329549	3.56041195340685	8.07149510526606	1
3.88911786846794	7.11949051787078	5.59490730723278	1
2.62402563386117	3.56855276179598	6.32590136630752	1
5.69391678128272	3.30095936425884	6.91882212894418	1
3.40828113255630	5.17023905299336	9.08288715250979	1
3.05489897292315	0.414610969772808	6.38181413458165	1
4.47752550090039	5.02348775203672	4.93811991553070	1
2.20116761637359	1.66794472438047	4.95468936635531	1
3.77151742470151	5.10445479843237	6.04416004953001	1
3.10718390099724	3.34365639706804	6.30566930216945	1
3.58553310590923	3.00785122105647	5.36486185713753	1
6.15320503986506	4.17797984944173	9.07216765612948	1
3.60114648562063	5.60003641996945	4.83118538042505	1
2.02202011112695	5.32808167041027	6.16984794364375	1
2.80692469285953	8.77696703846617	5.83039516506612	1
4.52404789884060	8.77846310719736	6.24014525100232	1
2.80243987304094	6.73157467574281	3.14882446509737	1
2.01797405508963	3.57454428909233	5.06156360771041	1
-1.93128074657769	8.03374954079733	1.21364396107383	1
4.53161747292258	5.20121429825039	5.52772312971828	1
1.34446653533639	8.84968639831795	3.95862985120782	1
4.04415024057143	4.32217053677141	6.78314595311598	1
3.52591805324891	3.79361203324641	6.32326705034764	1
3.18558427920511	2.53575704315535	5.60889647529916	1
2.77639724771751	6.93872716488294	5.62367072319525	1
0.948761145518179	9.73648274994043	1.95389542048076	1
3.80155348315461	1.02332402990201	6.44572014909891	1
2.93377133808290	11.7782133012548	4.72200084437024	1
3.52616243102602	5.16304934066870	4.87424440765961	1
5.11896948209649	9.76211175193610	7.04293561846384	1
1.90006747675902	11.4066012794782	7.13898436157293	1
1.12291466477997	4.10696123126623	3.34430139177461	1
2.41064706973815	3.92180676108287	6.66392526475144	1
0.481701261004730	2.21869316837329	3.98332582986198	1
2.90501633859876	-2.08289694184340	8.32350602620653	1
0.948731033495168	2.32800003271905	5.01223071026054	1
2.34317836718572	5.30537949806432	3.18380696849908	1
-0.577618804426012	1.96777983928709	3.11678783890643	1
5.01879871657677	6.95235575355204	4.89548593718851	1
5.19383800902309	4.58597201402811	5.72060095399981	1
4.89971247335447	3.83901136043832	7.32692260738662	1
0.986332742410550	-0.308361939751846	3.03699918422422	1
2.39238735991770	9.68563593401517	5.66581724153075	1
4.07272329877634	1.67353734504774	7.02173392841929	1
0.00182916399405952	-0.0496658203041038	1.45315563591722	1
4.57532167471287	7.99521846008522	4.89023325968131	1
4.42910948728404	4.29033549312435	8.34739122780264	1
-0.836904851119694	5.31291556273460	5.22668723173914	1
3.57072162484950	6.81742649666465	5.60716054778221	1
-1.10069951409132	-6.69386575411814	-1.55801662317755	1
5.72273142498586	13.0131559556007	10.1928176243553	1
0.651909823373027	5.07013786551844	3.22629590786284	1
5.44771680173696	6.63496622581833	8.34888242325726	1
0.589545394632149	0.583651819218449	4.38426675292004	1
-1.13996284654094	2.99336782950970	1.78351439871021	1
4.19308719486712	5.15049668911677	4.40121023658489	1
2.57870311234354	-0.269461338609426	5.42696265893362	1
3.74455861978451	6.02111217594219	4.76508524516699	1
2.46265247484064	4.35533464430141	3.12732161857076	1
6.45416905990309	3.29054182280734	7.65044084272562	1
4.91804147344181	6.12998619388771	3.47752195655188	1
4.34687569131924	4.05016938856611	7.38582504112053	1
3.66490713723116	1.56817363987373	6.14167192001617	1
6.53125667596603	3.43774187146033	6.11172018127760	1
5.80624162045697	6.62460610159285	5.74568317247224	1
0.717905457210693	5.43562422478761	4.95804576100691	1
2.59109547304216	5.57527928427719	5.53373398199634	1
1.67129346766324	7.03542114936213	2.52700180211098	1
4.58836428492514	11.8865051627112	7.58404481777681	1
3.84741120130605	6.20927024543422	5.79111810461962	1
4.46511809246017	8.41793388243324	5.25170356296089	1
0.462046120429922	11.5224429543269	3.45461352963590	1
0.900458618551057	3.11399019777752	2.60738499854141	1
5.82697145689147	13.9716501682761	10.2277470486117	1
5.94011948615761	13.4307505508779	7.89022202559029	1
3.16358153224633	4.70578363766759	6.49696967338373	1
1.86449405913513	3.26252057802236	5.81851234021909	1
1.09787584618847	4.92688438185722	4.02399435327354	1
0.129929397169576	7.35676164971064	4.62774255602158	1
3.47918609939205	6.41321497089337	5.52042660699249	1
3.16728011988200	0.597964053448285	5.75566812669653	1
-0.734556770629482	2.23806539869581	1.28111013323580	1
3.64744022918981	2.53388989932066	4.83416635742626	1
4.40514660044095	7.79720068666972	4.89245941801520	1
2.18527192362781	3.34712245192855	3.20589575472006	1
4.09105687176678	3.84666621618427	6.35192343090566	1
7.62059358816417	6.97114005306730	10.3219931118401	1
1.84045743323066	3.66713630979668	4.54289577680810	1
2.31940098827422	-0.541034039658459	4.73475080806383	1
5.36517473955884	7.44716832589296	5.38140378683503	1
3.60048734579485	9.69486064567521	7.09024495674500	1
3.50250989316866	4.32204110250675	2.47526341323614	1
2.66608225906661	8.35593403859448	2.52674753239730	1
0.811310330669806	2.06422462634192	3.12882948899084	1
2.49212407578187	2.60546525827562	6.03989546601386	1
4.66016339343049	2.73818198719214	5.57052851017829	1
4.82906719421835	3.10500582556668	4.81638972713735	1
-0.395913000163755	4.27638816612759	2.95315791224251	1
3.50389453229329	2.96625642089890	4.33396599047052	1
2.87768489775423	7.33341697284215	6.04701714556063	1
1.49178236564921	2.58333020173938	5.29955111487978	1
4.71867098486985	8.67596925902145	8.26364632772707	1
0.694145157905795	3.33977783838425	2.26274658580343	1
-1.46752652500865	5.18422337983435	1.31027291640784	1
5.29395869824125	7.21684731774124	7.01440729424320	1
1.87004203163009	3.86745490706293	4.29780393171154	1
4.64678873452462	-1.40001598737276	8.35929208769046	1
2.45695252909435	6.48068156656129	5.12134425036526	1
7.40609091034901	5.85825560156595	8.72542654374758	1
2.55062659289825	6.70789132017787	4.48562593580336	1
-1.17783971507358	8.10653274249177	3.81578451475446	1
1.78271039650740	4.45114065820165	3.66658303886203	1
1.67148805295777	1.33572740607604	3.16077453469842	1
0.249949271186952	3.62594860018781	2.20095805538323	1
4.45597472622175	4.76623542157921	7.29019958765017	1
3.00151964797299	10.8214923650930	5.34770333645373	1
1.33455231371008	1.77500233867260	5.18455203094577	1
2.38595861962321	2.95182022707247	5.20614685010556	1
1.33501131739562	-1.78568861317771	2.71906326217488	1
1.12557030203230	0.556437885832080	6.36333007195006	1
0.480999848888824	2.85782612910692	0.761934808971652	1
0.190573194067841	6.09391943788473	2.83070391452144	1
3.53712096645949	2.66662930689673	7.33954484026916	1
4.05711332135983	8.90603801050091	5.67161978382261	1
-0.293379991817161	7.17022980715987	3.43244539112192	1
5.91849828781937	7.43670804817523	5.43898756320731	1
1.66462549723931	6.27343853990992	2.99039856336175	1
3.16344135263983	5.50012160693949	2.14410049854824	1
1.11939901524398	1.92184926897244	3.44684169028283	1
3.90063584701415	1.15313328547208	7.20164405328817	1
5.30578767988594	3.62065231375193	6.67182102120670	1
6.72856570786217	0.876294562482153	6.73046036990015	1
1.10967352930432	3.99861109257652	3.23117288663516	1
2.57666872454981	7.01761970516636	4.47280702458378	1
2.12684623601080	2.86475210042781	4.66344207290499	1
2.53365525917045	1.42629166373908	5.94487445941862	1
4.63810460075728	5.84249632483246	5.05702856776788	1
4.32060145738760	7.67678207127336	5.57685329061815	1
2.90955119215354	2.42152765337178	6.53224040754826	1
2.81810868082734	8.14912353503131	4.16305274745882	1
1.24941473311744	7.36594976894715	3.55854877256258	1
0.980193771403305	2.10647891336065	3.90555115048424	1
0.714873705413645	8.39286194448016	4.14696339652268	1
3.70925292729569	8.97597626155864	5.70355712484903	1
1.23599497836568	6.51388740196263	4.15558462340906	1
3.10348231186709	9.33802741486744	4.85764254688542	1
5.59592235265764	1.63434816424154	5.99379125033253	1
4.67238994887663	0.695173125516389	8.89891909667378	1
3.12073994350981	4.01048138735621	5.36009139863475	1
-3.03803358926074	7.91025432046237	-0.165403598327639	1
3.53991080785090	7.53169811367122	3.60863160023966	1
0.976723782203373	4.05982736866848	5.24570516015501	1
6.07142455254407	5.40919332014525	7.71574324203062	1
8.83480637024983	2.26541098534021	10.7954981723215	1
3.59618244670025	9.01043113267390	6.79267727461075	1
2.36608003657070	6.23731622833338	4.81796719746908	1
1.82603575642021	4.82376081016439	5.87252081260758	1
0.235808476376115	5.83571256969730	3.88058117474729	1
3.50334389298773	8.53758898556713	6.29871684294455	1
1.13598226234491	4.72426910098878	2.57023411805353	1
4.93137610315631	2.34744004248421	7.57209587051654	1
6.69196370677675	2.26251191648418	5.40609651851853	1
6.87243271528682	9.56562327418956	6.08042466598993	1
4.02096008441281	9.46482805524314	5.49909268844706	1
3.21950893433499	2.71755107955024	6.27768001055535	1
3.43079168701106	3.02945182499348	7.00829949889501	1
2.99440515318763	2.50098123843413	4.73630060216643	1
-0.324546681937246	4.06818092732291	2.05665798254810	1
5.47212829510509	10.2803899145756	7.01064906118633	1
3.38182378763839	0.0784605035862986	3.59042361001964	1
1.97918467513843	1.05282018592090	2.00621953931156	1
3.23020153153030	-3.90284972129957	5.61900241988439	1
0.487185591568666	0.853505965662599	2.25207842019823	1
4.04381544307363	6.24751383252269	3.60362803778609	1
3.30386222815673	4.15417884796207	5.37984769309543	1
3.66246329861327	4.65807658805591	4.76369111015473	1
-0.403385936139876	6.58343003282249	4.66569878571895	1
5.21356829388813	2.81435249546208	5.82602591729381	1
-1.60406043829234	5.72787473929974	1.59531635302043	1
3.30239934525205	7.95382247270084	4.18537102666829	1
4.00594439643228	5.09641632547007	7.33049656687700	1
4.20590734173519	5.49406502188062	6.32532053080622	1
4.59796352853591	4.60251513280839	8.82348656820887	1
0.687489041790683	2.40710228183122	1.40461957018985	1
4.22815978086205	4.47391501168291	5.40750957490689	1
2.98163827761131	2.98467304383537	6.30055146960150	1
3.57688775939839	5.83282974092308	6.07862882894686	1
4.93948199245526	1.47236326938425	6.00074255228089	1
-4.47435575622877	1.66750686401207	-0.385633263450376	1
0.865107165431289	0.793436236101092	1.62515692355696	1
1.42528421782379	4.22421478008867	4.78459906257443	1
6.17658502517124	-2.56378939918001	5.18147772963482	1
1.64176845625812	11.3077549320159	5.02782292181626	1
0.994663337576822	5.61787417688639	2.29296789694370	1
-0.631530236091888	6.60754431313857	1.70910688684570	1
0.794288679525923	6.57358243332962	1.86573248114112	1
2.91216786911491	11.9967534784450	6.50590882689670	1
3.09307256004893	4.44797454600534	4.76540767757866	1
3.23488937712340	0.673822278225884	3.30651727913578	1
2.15720062841977	3.35605448244275	3.43646604998536	1
5.63374266829075	6.35504324361459	5.16557072996717	1
1.38238038048410	-3.30063239251541	4.26949764688821	1
1.84227280547349	1.60697241349607	3.68819281165534	1
0.836414829546570	4.71287202175071	4.89162957525308	1
4.10241835348811	5.19839695396244	4.47878247470956	1
4.70779037436057	12.2382324546711	5.47105387136437	1
2.19589548934146	6.10670772485935	5.00282386241280	1
4.23044295886725	2.77867147895136	5.19291030802709	1
3.45954784356357	1.57888072805818	6.88115708587222	1
3.15740135872999	5.07526844099928	6.19616797263482	1
1.16085256911532	6.75277005882996	4.25124657423909	1
-1.15014387939534	1.18478435358132	3.67015199903639	1
3.96059018185235	0.216618334823518	4.56539239146098	1
4.58969191565692	3.46285478995892	5.62511708473918	1
4.41919012803024	11.5751193367091	5.36169046010583	1
4.34360212495683	1.25336657879118	7.66628479133862	1
0.473268461314874	1.84608553125730	2.98811936707307	1
3.69505042023582	10.3157558051820	5.50105131927881	1
3.34145502495178	0.00669825657452883	5.77619366994229	1
6.32022853275864	9.08166872731109	7.22497394952493	1
0.670979882200058	4.24397258682302	3.97100162180657	1
0.489126539414981	0.792043906312938	5.90229783567790	1
3.21251241232228	2.16656385743661	3.55803786688366	1
1.68550605147092	8.20887266991618	3.49684347246230	1
5.17008204544599	7.51442016846902	5.42052037952021	1
4.89834952306430	4.83497611537040	4.07264071502186	1
2.16877562374498	7.26816016581596	2.99422599761949	1
2.23024974248249	3.79478622582363	4.32760111512457	1
4.00077055507488	14.0819194988791	6.57896775429420	1
7.30933760988488	4.39215350820745	6.77255513690439	1
5.73154367648568	1.47826845489958	8.32209222584470	1
6.38901044451396	4.64991927385131	7.40987959551085	1
5.76692257202008	4.01989145857183	6.86687397419345	1
3.96262586422917	6.83912570807446	7.32667117897179	1
2.52291814687688	0.00148702847455962	5.18309709209848	1
0.757637620405904	4.94586887120838	0.888984702912225	1
3.38054522053045	7.92729563349419	5.07436383826992	1
4.38731342638055	1.90054296391639	7.19870134566391	1
4.08123761990316	2.77565550875146	7.95976455409013	1
0.251606429112169	2.56970031352968	2.94442458460638	1
4.08272867785879	12.6217438205615	7.37979060136824	1
3.59862624208865	3.87641506577131	3.85512695751002	1
-0.346053918784885	3.52861410109573	2.12328653884986	1
4.53348612727559	5.66371237966366	5.41754295336741	1
2.38137883759902	2.27989935860179	3.98305398853996	1
1.56188971565605	7.10672885079963	6.30948835507970	1
2.64286015855294	5.99222270143379	7.93930727849575	1
5.79349125095187	5.69303088195753	6.85157541499462	1
1.38794511465294	6.56260161262632	1.27804498702406	1
2.47323807937530	4.23493054613229	4.66647873183292	1
1.84119780712735	2.91613491877639	4.56826088346327	1
1.14851809486237	3.07702667975759	5.64317915738174	2
3.77855447940773	4.51833513687056	4.89162034685687	2
7.63801884884724	2.31627784278422	8.43772123438226	2
3.53044124300133	5.66503450191938	5.83289061132549	2
3.22233045973245	4.96087049495189	2.05649430121490	2
6.52045484447212	7.24283862271973	2.15543062808221	2
3.29043654449796	3.81807952516600	4.02617418866391	2
4.53085436685406	3.22478973593287	5.74165724368688	2
1.81408259937068	3.93524608175182	6.43680664763157	2
5.22233008070052	5.44350605808972	3.37571236191584	2
2.56360049064120	3.24278524540484	3.42197149424454	2
4.69828759497124	2.59737725747185	2.87674780701772	2
7.18722113983390	8.13149402060835	4.93511429396026	2
3.69464731346723	5.24597452118644	2.71049614154749	2
4.41850421118183	4.71859111889773	5.21843396364660	2
3.05038905001589	4.13410397134097	1.90173395267046	2
6.55320368353422	5.95373722484870	5.89792546900075	2
3.06900534207290	5.03484770684613	4.35056695121882	2
3.49805191511241	4.37611033335915	3.71434150131186	2
4.46700821821199	3.49475280605852	5.14368417456590	2
3.95197200325989	3.48258361069258	1.64576471347563	2
3.05127414114955	5.18813047775699	5.87790097110998	2
4.42815319626131	5.95268127338271	5.81850395969819	2
4.68982807477895	2.94052918990892	2.58148863203251	2
4.18466542465169	4.62793918898446	4.49808781279693	2
5.15408943119527	3.16837162970030	2.65651276517909	2
5.89588527353299	5.81112353380889	3.18210669115655	2
3.24830430762281	1.58283251767523	5.28023012399190	2
4.34160332154771	4.66246684224853	5.67583335450576	2
6.50225579878460	5.07904232649835	1.82607675091155	2
3.26486038454770	2.43159278167220	5.82666727878616	2
4.69447007828999	3.33907426369007	1.14229109879523	2
4.60809038329675	4.00195147430081	2.41794203245630	2
7.06991709813826	4.58776273355242	2.21444221947382	2
3.80164776417713	4.50036244083705	1.67098507700506	2
4.14827072394016	5.48642710416851	7.95710366259787	2
0.717853211262158	4.71048512895566	6.95429003028557	2
4.39173404483431	2.89930173364453	7.96559755576958	2
5.32603734012436	3.41513299486940	-0.648576737497114	2
3.20378673702661	6.10396472769859	1.18738818347542	2
4.65141344258630	3.90534626117723	4.57154048668732	2
6.06016354356732	3.67341150912521	1.35638907211609	2
6.35713196676622	6.31671310052380	2.64986176850192	2
1.59049059065236	3.97719315112063	0.856947730515325	2
5.07520541990080	2.23543477072695	3.08964117547128	2
5.70590054641553	4.97045906936018	3.75514982594480	2
5.56829705637959	6.39342221584309	4.15626102993420	2
0.0308164754473297	4.61778424140079	2.44968046065035	2
0.232226645643455	4.35631752316940	1.71977476629950	2
6.11040074747888	1.70854990477283	6.77231518702725	2
8.63317224444899	6.35263489089391	5.69167290421425	2
6.57750853734825	2.11625899678439	4.43330403150488	2
4.41346643291296	5.05747613643946	2.77599786798586	2
3.24091946336624	2.33877722695414	7.74741665911449	2
2.61560905352040	5.09911673605771	3.43547533697987	2
5.53143382910936	3.11881978817911	4.90894746066378	2
5.22657290416635	6.42763949310073	3.57893374985425	2
4.78122978836364	5.41154337891703	2.92469007622406	2
5.59065815379670	8.26107267202974	3.68536763754362	2
7.83363040494131	2.09920536750264	5.86548949750635	2
1.68500009088452	5.19925484759539	6.68603910755420	2
5.63020650385680	4.01829242227784	3.47818039211445	2
5.90920322954003	5.42448785923573	3.72771946253775	2
5.78569690224847	5.86284081265109	9.74467879909195	2
0.573599763270658	2.68969625520280	7.16730103894778	2
2.86204588375130	2.39458885976960	3.53559348154344	2
3.97339371434823	5.96096147227691	2.08974043633458	2
3.10082403111280	4.17761622816023	1.77553232022366	2
2.04510803182504	3.58470366866109	2.01951198013735	2
3.84570717965955	4.42292985625326	0.494878746888988	2
3.82865845166684	5.46607349550214	1.64551061187785	2
5.43928685985090	3.52531288147813	5.56854428931148	2
5.72138806747387	6.16389772169931	2.93409831169106	2
2.19004480502153	2.35445236721124	3.84417041389348	2
7.33856702962897	2.74511609128960	1.95868724964025	2
3.49548622521688	5.18335761743649	1.19486315523367	2
2.80141303508707	3.56205165852356	6.55030474982915	2
5.80460745142771	3.31013388737350	5.71323478009671	2
7.75811463351950	4.10870870006504	5.18555233674479	2
3.96461894726547	2.12398463181072	0.590324464232130	2
5.01871671469682	3.62614248098285	4.05299902590648	2
3.24538240542936	7.00728808738929	4.66438269201971	2
4.74277423979368	0.264161938968707	5.03056964892508	2
1.62307627124045	3.07712927881332	6.32106453244372	2
6.60416999569580	5.66252313607419	6.28855286274086	2
1.21101706280295	4.92922077288701	-1.73827461587865	2
5.51763595388050	4.88608393472601	3.90877569484978	2
4.96607349936670	4.30107143754806	3.67703397658065	2
3.22384566172985	5.33879480048083	0.978691295811662	2
7.55908827700162	4.79634609321066	5.05956292494324	2
4.01087802687643	5.09140701608533	2.56173767656256	2
4.49687986399582	3.88290626393907	7.46067373995180	2
3.82425808359867	3.21610513390313	5.80101900090561	2
6.92626071194257	4.94183388454735	2.68699314220732	2
5.81983880041683	5.32007504738035	4.38384110059771	2
5.55894689190161	1.90187346294981	3.75201474987400	2
3.58499982280726	2.23021632735460	5.43410430371445	2
1.66408794547616	3.28611886888438	4.22099365407392	2
1.76153654514802	3.57006705441539	4.39312575627262	2
3.19108297038156	3.45629167706949	2.75469777473559	2
4.21631122948928	4.88337582893685	3.24380320553921	2
4.35398747795706	3.36603868993341	6.56306529841125	2
1.48533836643715	2.83780073083996	6.88469097767135	2
2.97965702436048	4.76592532135935	4.66721380138233	2
3.50751246472790	4.01425634756499	5.68385004084004	2
2.21821869366102	5.34016589405173	2.49848143943308	2
3.23588819650861	0.766352521535356	3.35290179304085	2
3.59262771508416	2.47790309573368	3.41695077195365	2
6.97345988928193	5.28084335146398	5.77342943508118	2
6.02258100997367	5.45257489006077	4.46023970969913	2
3.13547259890019	4.91051893959335	6.63499007860041	2
3.12819888769950	4.89572977434122	3.12374530713672	2
6.04093496860102	6.03412588970582	7.27441300661292	2
3.28069302931319	3.94634416218133	1.34779453392302	2
7.90882431145707	5.28213840588767	1.36711189503597	2
-1.51305227184520	0.991408602712051	3.17708723375551	2
6.92501423918605	3.81651326086268	5.95673830745975	2
1.79980655044931	5.88986093920361	3.22343517434377	2
4.87120952144077	3.78031647316445	3.05170012029919	2
7.00652124210058	6.52793458756900	4.40231759144974	2
3.65365561947320	3.37773803667265	3.66919686142545	2
3.67970827439192	5.61719826010884	5.46723409224910	2
2.05075531796159	3.12642285296106	1.46813791525753	2
2.43996835873358	3.72482622119800	4.56366716448464	2
2.67752338233920	3.30003472293459	1.92065920549972	2
4.01402532575298	2.68037995532629	5.69885647259918	2
6.63398143783794	5.61946078787653	4.55282040580227	2
2.32272394853384	3.70209395993518	2.66003442609424	2
4.63910817681690	3.05449798560689	3.24045404138268	2
3.09879005311079	5.05605327157974	3.48978830519765	2
1.19053928134900	2.72571661296941	3.81520241259037	2
2.61975299747321	2.90798385295233	2.44369248660092	2
4.67234473083265	5.98860365393386	2.14643396718428	2
8.11193093559874	5.97664643567561	6.12737571258979	2
3.23599997822885	3.41518968214329	5.73179084136410	2
5.04981531512839	2.66228797655886	0.0875899985524486	2
2.64518725637101	4.92008519739162	2.02956341029174	2
4.76761863547311	6.60575122653525	3.11680706642880	2
5.96822500587767	4.01177072127282	6.28509261107131	2
4.60001251256656	4.35493475633817	1.41216067988984	2
1.80990582786109	5.07278433131300	2.57349069936121	2
5.08540903136068	5.04686227133433	3.53103148798685	2
2.37166042446350	2.78606041701187	1.53605972063411	2
2.81325167994561	4.80001931591719	2.78229383812044	2
2.84079777708554	6.69195638943318	0.587966400570622	2
7.99459592040409	5.49124474312868	4.15759222514723	2
3.59376959365269	4.66609273205260	2.82083441873246	2
4.97469159631306	8.38583967383541	2.60315355398234	2
4.10904808234722	5.28662323227923	3.86612938957094	2
7.55113383659004	7.72023384744072	5.11082061823979	2
0.693032022572914	5.18546077373949	2.30492208609873	2
4.85613593494533	6.02635820614597	1.90787652170216	2
3.34916060338304	3.60653965287142	-1.04373772240495	2
2.90333141247389	1.30701596510006	5.57378632931895	2
5.08260978379455	4.90328551743718	4.57069306927126	2
2.09002184629171	5.49583898901184	4.63311965537205	2
4.99120333247207	4.60788939178247	5.09619311480575	2
2.41151358142728	4.27528148038018	3.98304056982903	2
2.30178087809502	4.44694897237322	6.81717474090520	2
3.56460780458117	5.98481762483688	6.26514506728359	2
4.71056690382748	4.40453375913567	4.60793210362393	2
3.81010416393852	5.62568759136042	4.09363933114448	2
3.36763635280501	4.62853955721898	8.45506643921279	2
6.15400685225744	5.03661966418507	7.67772484132279	2
3.03613418672183	4.44440321621034	4.66047178812080	2
1.61358486758840	2.42957350905000	2.21487605437948	2
6.10401646559376	4.90416428006413	3.07449138836553	2
5.64507480778397	4.85470560405279	1.64872909177269	2
1.75055030957372	5.41609658978698	7.54165209157562	2
4.03235851681226	4.34935121037025	9.73630308369850	2
5.61512872497905	5.88495201575150	4.36407873100629	2
5.37031219380639	1.83667191717793	5.34748761637498	2
3.31863162741935	4.52720091702776	1.56594954757283	2
4.96834426183200	4.80730999188482	4.32984195717210	2
4.35649118228189	5.10171317137642	3.01061620706650	2
2.11596020794366	3.39233108401310	4.50731368085323	2
4.68090726602531	1.43485638959472	3.34749948761309	2
5.59925054835641	4.12090743762901	1.67267490349809	2
3.00227605493195	1.57191026164170	5.05760194638932	2
5.15267793554227	1.92850641509622	4.86835034051011	2
5.16893087006837	4.87471178144916	2.76074770053140	2
2.68477685460091	4.00185574869589	5.83681946243110	2
1.99183277887901	5.69385228841555	4.07503822731818	2
3.25148631831328	3.63495950829689	6.72069612978176	2
4.51083329503926	3.86741714012375	1.50794788237678	2
4.24759988414348	4.83741614582503	2.84277185329110	2
-0.519630351896581	2.20602007932781	4.63160299417929	2
0.167078321253460	4.42115166173134	4.05079328051349	2
6.39903948634136	4.66763731284159	1.79353811200678	2
2.25968910221406	7.18116107167173	4.28064196071256	2
5.12876885343582	2.87280358305483	4.90908189782666	2
7.87063216202644	4.21122681912943	5.60765450516804	2
2.67894950769457	1.70507148844590	5.43725792082827	2
3.44095044712861	3.47849754400268	6.02278680242080	2
3.24266501161843	3.98563764259968	7.19603911349018	2
3.05103009957308	2.34031843230467	3.53552614436810	2
8.50270969517259	3.86146403637439	1.62241587328075	2
2.28304686320913	3.42097721575286	3.57597919488200	2
4.00239250921591	5.02642182328275	1.56799106433291	2
8.46212094754362	4.50238457514668	5.49111908995977	2
5.46292042374900	3.43558064013392	2.43903703873621	2
-0.855907478260299	2.39283047340119	3.26697797921846	2
7.23309862001325	4.62077172977984	5.14899479182808	2
2.60917764532657	3.65087974071841	2.28699082103683	2
4.36259603483029	3.51045023667076	2.55783327198760	2
0.951460058093339	3.62192850034028	7.32530919496627	2
4.39455366122984	5.34083824944905	6.03108840706214	2
2.58826625126031	6.07290572535037	4.35974334281004	2
9.89152982469089	3.95038104195169	3.10529546033532	2
0.942599321629434	4.19471500891013	7.65116825021254	2
4.88318542537807	4.69390540381141	4.66426597637871	2
3.59582993005892	5.83415418365062	3.00263229823726	2
8.82418339004196	3.41573045269525	2.86795000545155	2
3.27610623043923	7.00278004180411	3.49303399597325	2
2.39293440924263	5.64192006912066	3.07217391757333	2
2.52819403171858	1.70185931458388	4.83251524846804	2
3.09449803247944	3.59976208903643	5.29013270037679	2
6.46176670302739	4.74813509653234	6.44139227450599	2
0.499266355539545	2.37418607307374	4.31836491020143	2
4.07133968196635	3.45347800940785	3.68858879463913	2
5.82658781188819	4.28363937081059	4.46329330848739	2
4.54997652421490	2.41130173230127	4.51990101176770	2
3.81100871744562	4.36052125231690	5.09298702414658	2
7.01537112454073	6.03362647147833	5.88424457254877	2
2.40736317255982	5.20108870475027	10.1815874575201	2
6.14420391261042	6.42290581457877	2.64508183106658	2
5.75594599482412	4.54313544308443	5.06933456298009	2
6.26674252526440	4.30232228413952	2.84678871453227	2
-0.873655041704283	2.17928771903683	3.02985879070868	2
5.04615032729937	4.91775648089543	3.85332271199786	2
3.18423674506707	4.78871028904081	2.17990319861398	2
8.26857100884373	5.60049567552319	3.65351380269872	2
3.43334533436494	1.72483550492242	2.25810635357165	2
1.05998058274115	1.30775257687648	1.15547297089284	2
2.06237553778252	3.85748859429566	4.62882295491500	2
5.29276860760579	7.00971504245855	3.85851028219638	2
7.39664715183178	4.30342146814764	1.11954951544985	2
2.53556375841834	1.77035198539293	4.69432503318144	2
4.06494792308997	2.03499004261456	0.982862814518649	2
3.71082908494962	6.65439719518906	4.41730990890119	2
3.05135362691559	2.25686499552238	1.98219376579612	2
4.85077697712848	3.29765811713322	4.39939836600771	2
1.00960120463958	0.552174387543179	7.04883890295449	2
4.46757596697685	3.15015870294030	5.14325923178697	2
5.97919172057838	2.33941983894331	3.34367654425227	2
3.12892639005173	8.00876239987952	1.58727454767978	2
7.07555823534496	3.38067328660426	5.89835699017580	2
0.177826512295299	3.51145277788730	6.97208867145105	2
5.69952341894581	3.17700181741748	4.34046395050942	2
3.07435961513807	1.78429210802621	4.25218151092072	2
3.69002286924975	4.92593265558227	1.76782067247082	2
5.66244248212704	3.98866604693897	2.24522311652406	2
0.975184241989480	4.84650274906997	0.108708954651227	2
2.36541529348056	3.50709309841527	3.87972459729169	2
1.33865813495025	3.29631279395749	6.51556737610817	2
2.05408340294132	3.75272856569528	1.35317492514468	2
5.91536409805716	6.14897347531237	2.81321786798982	2
5.74220464531058	2.92441496862098	5.32549554102739	2
3.91449287217249	2.52762862279031	4.69225548240841	2
7.18875040963416	4.37676335499416	4.63614875282384	2
5.29607144731934	2.78927367551277	4.55704641685983	2
5.60103730177508	2.91270706796829	0.145756756613807	2
6.83100757679442	4.75570310631986	2.20576168402728	2
3.74103173200968	3.43239189469216	7.94041604597897	2
4.88977008143415	3.28130032166031	4.93297623298976	2
3.98845400022877	1.72528557867121	3.81302482629405	2
5.53916965712179	4.27140731648869	5.42127914637432	2
6.61367782642481	4.49149159416219	4.27694836634495	2
4.21546740583387	7.30023321359512	4.49241523896767	2
8.76071452955369	5.12066948323851	5.04925523739033	2
2.51121168761314	4.32630740544114	5.24820128601357	2
2.31811765230973	3.10893625409164	1.76357013154029	2
4.82530986504001	5.47310500767622	0.0561457296517407	2
5.04944653703960	1.83370266054701	1.00356385057502	2
7.02478111253718	4.88470598359737	2.05416236872540	2
6.11013516157315	3.56871031522555	4.07903509604895	2
4.32349690132847	4.00612617690617	4.29087924248905	2
4.48433427045114	2.53311404346242	2.40850035868071	2
2.81596118945071	5.96866080556321	4.83242554801769	2
4.30026094701261	2.14992891822034	6.55996399742002	2
2.96055304378067	4.93835989154997	1.28042411029157	2
6.48253414583039	5.01121530743800	4.89116792330415	2
1.57831501044213	2.09561124647516	1.59987412911023	2
2.08137795525833	3.32629056298306	1.77623575942544	2
2.28995714127924	3.11213743415917	3.19153624938135	2
4.50985924443101	5.98481796329450	3.11575495523650	2
4.35946057255598	5.40909693740703	7.98820687766556	2
2.14160459336336	4.56940012849576	4.79684936889841	2
1.33614251676876	3.04053365603416	3.01177340422791	2
3.51071933367057	3.56450949799289	3.72172083912549	2
4.73607319353707	4.30290043658845	4.47649592938151	2
7.97936000345509	4.65217218824229	1.32919908158824	2
0.774537875629834	5.38321002988375	3.69490361476559	2
2.30172103807237	4.24014184651934	6.68129446764070	2
3.12302546763477	5.23296102019809	-0.626685860994734	2
2.12797387703134	4.11811549357366	6.11815629373504	2
3.71805504412504	4.79689198240772	5.11386847204137	2
5.69140445335086	4.59471173959948	3.07265047816617	2
2.91375255007982	4.84387710943332	7.41267455760286	2
4.11032712811299	5.76410510567686	3.64891335785863	2
3.23637608229498	3.98422634800957	2.11475320940966	2
2.17259417648244	2.12981920671634	-1.94783903398400	2
5.64650734404168	4.14579639724996	2.48348026238861	2
3.13126506375308	3.64363891823933	6.96602157628687	2
3.36781618134231	6.34052995206014	2.57932289391195	2
1.88810635825462	3.01380544363072	4.78354104783432	2
4.66440944169273	3.54954295241910	1.89150512956843	2
3.09594658740610	2.35916812937793	4.47410457710301	2
0.722342666057873	2.44506504884365	5.43321659526675	2
1.93147994244058	5.11421149630296	3.18867005500478	2
1.37058776021872	5.86545824281970	6.98609333506522	2
5.31900335238638	6.02822140503763	1.72092256296067	2
7.44155284887996	7.51757879156209	8.45152524135228	2
3.36842703238994	3.71861569654225	2.04406658408694	2
0.875021396749417	4.36747916098567	1.70396489067439	2
5.52954740552513	4.90686472914376	-1.35262248751742	2
3.53287057422574	3.31722278925187	7.91723549255737	2
5.49897756952755	2.63024487567927	0.0959996757891326	2
1.99448898803257	5.68960011183759	2.85236072990998	2
2.45841431734131	3.83328143858652	4.73036374552789	2
5.23166997846808	1.99331582596678	2.56775091535415	2
3.22004196656906	3.22454590766232	2.62267844647791	2
6.69492703074105	3.88306708256684	1.26519687081740	2
5.70461911342117	5.58026813178337	7.37846972292221	2
4.86433574778576	3.30918425691785	7.66242587032246	2
3.93467731422212	4.15212900445583	0.818572919166151	2
6.26876717764813	4.34361653791911	5.66656282457910	2
4.81859545654747	4.20249289336041	3.52754095756462	2
1.63280255266945	4.56019663045439	1.86761925321369	2
5.42570984571830	4.12147049600750	2.22950664324184	2
-0.484666708619168	2.69032001126894	4.56241936751476	2
3.07811568606287	2.49621111688345	3.72664093287528	2
2.23431048114735	1.52473139625944	1.52069397843182	2
3.89727566287160	2.89456355897183	1.22364528182040	2
7.96057918814435	6.09302864170715	5.41445633650560	2
4.28392149090456	4.98954857967617	7.05167595102117	2
1.27410172004540	3.43074241106196	3.12299422022131	2
5.08182761580564	4.40779873506090	3.25090513982815	2
1.61129814151555	3.24191347561982	5.53206867123766	2
8.86145589065205	6.35749748249309	5.15560008799403	2
3.54303336108509	4.61201984975399	6.87969667555232	2
2.59107600069831	6.21121812009503	-0.296029052958912	2
4.18281039686874	4.18766343316132	3.23606094427506	2
3.23528993263880	5.90132331174098	8.64123971262527	2
0.341190509263401	3.78762415716831	3.12230420267903	2
5.60139606423354	1.75619856185957	0.200172373080864	2
3.73004650754169	2.60987187249754	0.399809661073507	2
4.80947130243183	5.37153003234624	5.39960541344888	2
4.99768153044272	3.33575050001174	8.66375402244583	2
4.44389756813493	6.81945483823479	7.97778137301022	2
5.28793100376504	2.66293174686044	0.852374422361884	2
7.60980553361979	3.70032405358794	-0.436681908091793	2
4.48947488096311	1.30622684660888	5.22092334280772	2
1.65016534300870	2.83216218132061	3.30492791893055	2
5.66796763249136	4.76165809419307	6.09892972781077	2
6.25539085626415	3.92562520723698	5.54621055312903	2
2.47211018713704	5.82330098580021	6.56548992582315	2
4.22172877346684	3.83233594690759	2.39716498501319	2
3.75925294268492	3.45982420332893	6.00844731206871	2
5.96553485500470	4.33098905833591	4.84374169027104	2
0.987475825719157	4.75716602838712	1.80384987961729	2
2.57252662195551	3.68415658210525	5.13388539757078	2
0.270624426373803	5.29754222618117	3.15673302533580	2
2.62937590631297	4.35647921348518	3.65839173418634	2
4.96719854992018	3.52227058457621	3.02690503503370	2
3.85607058865696	5.07815462630216	2.86244025382503	2
6.26237312879050	3.61220770488257	5.06846517181817	2
2.73228765096017	3.98790455985339	4.21627371116999	2
0.757709371493515	5.08425543035912	-0.719974056152321	2
5.22241755288844	6.39052331971620	6.10052666255488	2
4.30064100750656	4.72555801342914	2.23426161451107	2
5.06980343232286	3.83933697969228	3.73988948943700	2
4.28098485877910	3.90506732651236	7.01484840302773	2
5.17957206643685	3.49376440630578	3.91832663351973	2
1.74780080073925	4.15622832131769	5.03977117330483	2
6.07353226157662	4.69590442870624	3.36755028993791	2
5.13941535337150	3.51089012010964	5.29220616960290	2
5.97907743449034	4.27388504374082	3.85246907974097	2
2.75244882129974	4.14398130827445	4.61564225593211	2
2.94476858276862	3.36818702127384	2.36711938587959	2
5.57464829923830	2.83518279396371	5.50396846413901	2
4.41182945951593	4.89180173677973	4.24580749951784	2
3.46455405007620	6.62440070370813	4.44069622705276	2
2.39693171625410	5.34019189504643	0.988345855003559	2
6.34705339347555	6.69384273837596	3.14321323761714	2
6.15473090802613	3.76230216753056	4.67310648315020	2
3.75837497534013	3.88045024915776	2.51357248883948	2
5.51847948533071	2.32222561715706	4.36245537960557	2
4.52942337141825	3.63367075079913	2.69157160955001	2
6.11897220049291	2.94970057472537	5.65750416133214	2
0.00387267203137220	1.70174623958268	6.90303471055363	2
4.81811249760127	1.11609507135072	6.74057220783054	2
3.73072105906833	3.84841870721554	6.12086907181693	2
6.23124821493425	3.96082220080638	6.45769837462747	2
6.28607289914246	2.81632416322008	3.93728451707379	2
4.57885996159961	1.48931957682016	3.02748256456331	2
2.65878488063335	5.22791071190112	8.37866277446901	2
-1.53143875303071	1.63683884811096	2.44661847063487	2
7.73269895060648	4.88539468833530	4.05221110855632	2
2.18373574490170	4.31086192382199	3.54383338286617	2
7.64133191734116	5.88983566382672	8.75591502415971	2
0.0806114359046806	-0.0770507919886345	9.50319050078571	2
2.85142885266027	4.49857089069760	1.56601318820933	2
3.78574285477363	4.08121691059100	4.40517249239077	2
6.21063167272736	6.47063821393359	5.07985790145616	2
1.98694370595839	5.24313603383211	2.85789225000393	2
5.91044762356949	6.89763237616476	5.69511686040549	2
3.57050787783201	3.09782354068353	5.61330548519855	2
2.03953458984710	4.27563255780981	5.94220821851789	2
2.68559477605021	3.25912368958632	2.13139480293502	2
1.96481525805915	6.30117892508382	-0.879831816432538	2
3.29583572312989	4.67987238457097	6.03511160579346	2
3.14959048002048	1.99691297316041	6.88407151834072	2
3.93045597725539	6.57911083338857	4.76632893376368	2
4.57168554111929	2.46678185483928	3.30556653897330	2
4.18191584175277	4.69935342950145	3.32262284511290	2
6.72869105161543	5.12874790383912	2.65198747370546	2
1.78206284985471	4.13259722291092	3.71030939016749	2
3.41311532472673	3.01050054137063	1.90430439478735	2
4.05542836055478	5.26626944773442	2.24138583977897	2
3.83566203656159	2.72072317496216	3.73824848918660	2
4.15852620122667	5.92592650087788	2.47297183059089	2
4.45140336831296	3.88406524288671	4.61397247121708	2
0.608060976979049	3.26569528823160	0.311179991030723	2
5.09023223943453	5.97687054396203	4.24667861085862	2
6.06346123539338	2.12281007395733	2.51225701250313	2
2.88978650603321	1.04262538859142	5.15988793085159	2
5.35313976224918	3.45903206992415	1.63985372367169	2
3.42696697151498	4.39582612003203	6.57560441117272	2
6.34652901199686	5.07675685361738	1.78818360816224	2
2.40615934172144	3.54248063779014	4.82069336597091	2
7.07013111505659	4.10196733928266	5.80931168326290	2
1.35961430833982	3.72992783413709	1.48803634025240	2
4.69260536775559	5.19584619468988	6.81688591825552	2
3.77807512404075	5.05871526489081	1.53512939220488	2
1.29103410772058	3.88902515719301	3.34292403828856	2
2.15340402654326	4.80013693885995	4.61577210781344	2
-0.186968943785571	3.69512954967217	4.50205367079162	2
4.39307407203149	1.92735323337170	3.04015854372632	2
3.15483889703133	5.18799565896290	4.20555874193736	2
4.15967111401330	4.28049347815102	0.809375107354744	2
7.52629124676452	4.04914816908881	3.61105110588203	2
3.06123212653035	2.88252224366498	4.01704507327991	2
7.49581887287715	6.00874136873740	1.16359849272725	2
2.14245584938330	4.68480943854208	3.08155319923378	2
3.53382635913337	3.12053303593893	4.57001977109232	2
1.37769792070721	4.96600793305228	8.40664319964156	2
2.97456990023125	2.10873538468980	3.65347488258012	2
1.82059151373610	3.26911155633802	4.88980611522580	2
3.02019525699097	2.98761970874868	1.64997395528505	2
2.14801856020185	3.70521272070072	3.78590983611420	2
4.08595983775723	5.36752373562914	4.97769825904793	2
3.27096331463503	5.19668353725051	5.45456321304266	2
5.30228278285455	4.67413443804395	6.91585061116681	2
2.98713579097594	4.25343235080760	0.528321748048310	2
1.95658733504666	2.88695555024851	4.08810234039821	2
2.28385068330114	2.24489534490844	8.40031579700990	2
4.25565175677504	4.47156256798686	0.948131423732052	2
4.84135549650393	5.47473571973573	3.52653817911553	2
7.40235774293413	4.54313565580158	5.61872712503619	2
6.28046781373258	3.12733766339373	4.47329905225709	2
1.53896688922201	4.89128754027634	1.97291875343381	2
2.80589381782424	1.55109350265035	5.17604025870740	2
3.33142724805664	4.10846281845762	0.633115808345711	2
5.64230499520611	4.44720296959487	4.75697131761795	2
4.66047170535005	2.15812142378016	1.71020533169942	2
4.69799847390795	6.80419659993784	5.49034915295180	2
5.22106907753584	4.45870040548488	-0.135517673044244	2
1.87517209158451	4.48435131994076	4.85204968640143	2
2.48900903588082	3.75331978434632	0.120909852546969	2
6.23386760524737	4.69020819835064	4.16309163996285	2
7.45340659070186	5.60766979233371	3.88885363687629	2
4.02492546251927	2.75052759045372	3.77139887161463	2
1.56284479064648	3.95595741424450	4.29822692156375	2
6.25766496100133	4.98301170190428	4.15141190659292	2
5.92590599785974	2.73893618355848	6.92762132680738	2
8.08908105912381	5.63612199615017	1.58319180448358	2
3.16922408869146	2.95366942921717	4.28406296384790	2
3.57009072726976	3.44775556892244	5.60442237041649	2
3.97032845646662	4.58324201351400	5.08876134139300	2
7.32889144156196	4.92398120563011	4.36597810187857	2
7.01652835431043	1.69589738911893	5.34479655660171	2
5.35567211027543	5.52648800683577	4.25692014746690	2
4.47905020477414	3.11800540551340	3.70540039156173	2
4.27815317796316	5.27166102587562	5.33484535211484	2
4.64376475952350	4.18080972731861	6.28114752810678	2
6.07544506796909	4.63360715387739	1.84436119712368	2
2.98877632406027	3.39899668736099	1.54230670060554	2
1.81851423274194	5.24033937019898	5.36038630780086	2
5.92710268669494	5.42874535537919	4.70681446813896	2
6.62744164505303	6.06761453962277	7.03810278670570	2
5.97304804995197	3.61484971055100	3.05924699283414	2
3.39691757030094	3.83025924469879	5.25299216441451	2
3.67138481553493	1.90869831513116	3.70794122647002	2
4.84045379126856	4.26497261157598	1.81472397413026	2
5.12704973990486	4.92361859358728	5.51800827181638	2
7.41217123093542	6.36210074164776	3.50436016163939	2
-1.16262021626482	1.25967265179071	5.22138762521307	2
5.05220530334450	2.49594997752012	5.86046002779544	2
0.247553561450603	3.91341351957655	7.13190291145080	2
3.59611665744605	5.11002296779226	11.4912345769761	3
4.23020619869104	4.42187763961678	6.79525579327873	3
4.18528452712202	5.84049480779378	6.79002724581606	3
7.49931799230851	5.17152937804068	11.2586646728955	3
3.53784215963325	5.36253037735834	9.01173715101227	3
9.48920084022349	3.44037583267639	5.32831915823947	3
4.95633635973524	4.78218480424795	10.9111336291375	3
8.95504440260479	5.63718997989023	8.05177284418397	3
-1.06457280828921	3.00035803168891	6.40691927466073	3
5.28440011110002	5.48090511205210	11.3125508596853	3
6.70432159477245	1.66397040926263	8.06675593561438	3
-1.45891577901181	2.75899829861219	9.24495708787193	3
10.3623322336789	5.99811990396443	11.1712519372861	3
7.29608599923183	5.41887011821696	6.43628996111693	3
1.85392216881621	5.38611942074499	8.83378975680121	3
4.77326198874826	6.39850891071452	9.93753061498221	3
6.56830884593995	6.08392119470013	11.1234210176952	3
8.40094040144642	3.85549561035014	7.87521218434065	3
8.87444312808696	5.31477296740537	6.89432123397664	3
8.32449846885308	3.17328961073756	8.71070552347815	3
8.91897705315689	5.51973755788611	11.5601799154262	3
5.34467738142817	6.92963919910568	5.94213060743982	3
4.93977838506075	4.19220715129049	11.2276011660702	3
5.88945277534415	5.08776042651084	10.7841953626865	3
7.20539153414513	6.62037792064788	12.0323256610456	3
5.50099523448117	3.20583968247688	11.7615130234341	3
3.87802109838256	5.74800564128808	4.12765837019264	3
2.75467032432156	3.86050799904643	10.1611350387331	3
5.73568608565848	5.92097575039841	10.5316124261536	3
5.34105487801801	4.64599630970733	7.74682482188419	3
4.90337506737377	4.70777220109594	7.46071980069809	3
0.914190125822632	4.84724677421596	7.21125613351190	3
4.07146084870117	2.79293145848862	13.1484226531362	3
2.57360529606089	5.92188784642392	11.9440366757311	3
5.79310042470291	4.84549170814458	12.8172442014842	3
4.72310947782357	6.92519269693106	8.74786629254514	3
3.29961012699976	5.46083356929021	2.95191682323045	3
3.63770969074167	2.03603578364746	9.99246144917271	3
8.32021573639723	5.70586749774825	11.3607902620402	3
3.32332832212522	4.61016036622150	10.2768140766594	3
7.94939593464075	4.25529115805962	8.45397886766167	3
2.42952274975221	4.35189130852726	10.4177394082119	3
3.38679212434355	5.85330332237011	10.1569721449458	3
3.32296554522280	4.57080757068305	6.37823621935342	3
0.615017179947887	2.16151895986226	10.6587406716402	3
4.83578937209302	6.66316022244121	9.87680979708621	3
6.61620886566075	5.35595335390786	6.44656327400131	3
7.17431480209529	6.80824535324885	10.9866365418174	3
9.02523067160022	5.72641309609935	10.8792702211770	3
8.72463986940662	4.06876606535381	8.42672276362689	3
3.09254852008452	6.50798799534775	8.30947289120763	3
2.78845341828903	2.96952232672854	10.8681151371947	3
6.17021989209860	5.09701495898837	11.3156040798869	3
6.44527243228751	5.10385741449041	10.3182963041299	3
-0.0172533152830656	4.03220474016908	4.83678477029056	3
6.66879621775936	6.74235615933201	10.6668374660077	3
4.53524179838094	4.75462445743550	8.89195258326402	3
3.61541438931413	5.67712652245758	8.24516185386411	3
4.39488347004394	6.93288551214775	13.0686684451054	3
4.12532987081187	3.96446658313637	8.42819982061013	3
2.15360857626850	4.45356223730599	8.52495938242017	3
4.76320961117630	4.72072961364963	12.1771974355521	3
5.18916977695615	4.63905917088294	10.8238254713728	3
7.94172958798981	6.73032817660090	13.0582298356648	3
-0.743621534477309	3.86062673775265	14.7886314529388	3
-0.258984082599667	4.70221568098748	10.5374377959217	3
6.13611471436033	3.21418233661401	11.1437229956252	3
3.63524870449592	5.58143683742021	8.68222849515027	3
3.33497308997653	5.19281362324223	11.5003433672527	3
4.18011903697981	4.63150328714649	5.87711688934025	3
5.70715420131599	5.25511429958360	16.6960094535429	3
2.94381191787697	3.22704919359086	13.9306390516631	3
4.28990129244953	5.67763996026721	9.96686744351995	3
3.06624222128418	3.73716059156190	7.15437464788210	3
1.82839887279317	2.99182277598127	9.24215455505180	3
8.45778168147369	6.04059402387192	7.45495114506541	3
2.55296314158652	5.98328949989093	16.8018741988568	3
4.38557149263546	3.32043394665687	11.3076623609698	3
-0.736793808962845	4.06919424888209	8.90893922099996	3
5.15814083701245	7.43302628602382	4.90450920561340	3
6.22804286907350	3.67738789895857	4.16333618192010	3
3.83045164120572	3.67433478784196	9.28718768097306	3
8.21172674178561	6.57140556559956	10.4261458881554	3
4.81769021202959	4.86251999092472	12.2703131338302	3
6.47284983374313	6.25388183039292	12.3963290804003	3
6.75191604407875	4.56846291877779	9.02119109054597	3
6.67318282754100	3.47058219887318	13.7021377669381	3
3.26242470411100	5.18306638816611	16.0106614717855	3
5.48112082956667	7.01958432745775	11.3534136810304	3
2.78924891792568	2.68534367892361	9.99557751068310	3
3.61982996390328	2.33850356476860	12.1005735738626	3
7.47599122787969	5.58145333483026	13.9218410396779	3
3.63654443191106	3.00624290349668	11.1330652901441	3
1.14513939678020	9.09768261846116	8.09912859327717	3
9.65575657104461	4.64351947845702	10.5408044862209	3
3.93078499501869	4.20244817689426	8.29489544757821	3
5.88865184593835	5.90187166459520	12.8410447097234	3
5.81174950118656	6.24050387041422	10.0515113474053	3
3.10699801965611	5.24298099706211	9.32562240808810	3
3.72294740938929	6.85254081520627	8.35449253257806	3
4.36396825081485	3.76886126164285	7.63667652460065	3
4.03635759754324	5.94483038346368	9.16683552660751	3
7.31808662976638	6.82666857011445	12.9142962175008	3
4.34565878805659	7.12624989828033	4.99628068901869	3
7.17009412090825	6.47444673861989	7.39851085901559	3
9.82270262762093	5.26300823684119	8.79845176645789	3
8.21518167957422	5.03152897931003	12.9034307085017	3
8.56119143280058	2.38270817662771	11.9722793803449	3
4.49608004828186	3.58662639870170	11.0036503883829	3
2.06201914145668	3.98519425681717	8.23862844536690	3
8.36085064220275	5.40968016158286	9.70710168701989	3
5.79379839609404	5.31100517651630	9.16174359797880	3
3.63125698265704	5.23914228261565	10.2477601584691	3
3.10166169162154	4.61808760707161	5.65652016802579	3
6.48027467204525	5.63242512862718	10.0230613565235	3
10.0927774827124	5.44521488612324	6.50254057993261	3
5.00860147258792	4.21135652960924	13.4987572725713	3
2.48926209046167	3.75773321737476	7.96143998978373	3
5.66526332850378	4.43128294201379	6.41516553995137	3
10.3284618943376	9.16563206906205	10.8840335515962	3
2.93178817750992	4.63808860036126	10.7908202315272	3
7.72681476754439	5.16503310397365	9.29129756935506	3
5.58650726453018	5.50710920039688	11.3680855539902	3
3.75608760579056	2.92730714292646	9.98818693455036	3
1.36240322196683	4.89716597485009	10.8153561181123	3
0.830410443826247	3.10082700350122	11.5980921124803	3
5.67587139563984	6.49583582824554	9.62193894013129	3
5.56989568894571	6.13365220788640	10.3772340347625	3
9.54135225685137	5.51942954626066	10.5832493127328	3
5.23121613410479	5.13529910160649	8.73441681029693	3
6.43574040141059	7.39803102597949	10.9568468491037	3
5.71505676982145	3.47266737697292	9.61437634393445	3
-2.37014248344224	2.19093798994235	4.85185019893935	3
9.38156528054710	4.63279049899989	8.09626841544164	3
6.03848262036799	6.45759863208276	9.58613504867116	3
0.986970082406972	5.26574647212583	7.96914819469372	3
6.62945858843722	5.85795941597552	11.3030970330596	3
7.75119333302123	5.79647503598631	9.86141555939712	3
5.80413608272743	5.69279261067067	13.0753854697811	3
3.52963959637545	3.18764842882890	5.87712745758881	3
8.12156045497905	4.67135421222171	8.31418516956073	3
3.23055282574904	1.52663938523924	11.0775089270929	3
6.26903262333401	4.49837358153047	13.2755731762615	3
6.29108631490857	6.75544915511947	9.23967469835810	3
4.07324624218377	5.41192506048658	7.41069341445391	3
7.02446349472549	10.3057672041139	11.7439933981465	3
6.79121960552601	4.65280856181211	9.25183763366451	3
6.36998299682859	5.83208624557326	12.6613524386113	3
0.510485233106773	3.17327300464501	14.2480131109738	3
7.43666704743206	5.55112844221286	11.3438369707640	3
0.762962195834786	5.06119717842801	6.55156213723147	3
7.71664509191217	4.95491966764655	8.30254926643388	3
7.41439005295782	6.34436013327879	11.5775262301158	3
7.48221023056953	4.79643600386586	12.3434132863646	3
5.65648004065201	2.57406519699450	9.44450345492828	3
6.81797788235523	3.13812201212404	7.91973576216182	3
4.82213316881482	4.01724078712879	13.8259920463758	3
5.75692886158795	7.73947657622810	6.72856133208831	3
3.09962149778202	6.66562891807864	10.8219388382236	3
5.53697298376474	5.64051753025218	8.84409153853651	3
3.40285883037180	5.90957107059048	11.7638139752598	3
3.16882574185223	5.30816543727718	6.09235923408449	3
2.85337780290900	4.81722852802245	11.5663631708491	3
7.70157660856571	7.74841571820260	12.4321363158450	3
4.82806575150148	3.86979539704843	10.7874180669147	3
9.26413432632077	5.00107833674951	5.99560500578632	3
7.38515707092249	6.32619405954806	14.9373833384303	3
8.31717968275004	6.51362412052860	12.5821123784772	3
4.52674913036543	6.40418605245533	5.72823168506400	3
8.67574736940312	5.70956245323520	11.8434732621814	3
5.34970145656989	5.29139919227151	9.43177667552120	3
4.36404058293454	3.57798123332793	8.33818387397307	3
3.69775828631999	6.43336289024629	9.90141958414716	3
9.06905544254848	4.80019201201237	6.74428437460151	3
6.05753981409456	4.96529514650627	8.41889864624382	3
3.71208424692641	4.25759281685700	11.2444381396203	3
1.95836366165577	5.37983383288344	12.0771391052688	3
3.79362803085870	5.16871233556349	1.44257928391065	3
5.68644063969295	5.73092763083842	12.1513023764155	3
7.19395596121099	4.43467266842079	8.88323667760088	3
7.50951569877675	3.92006289375786	7.24179511529654	3
1.45652951622243	2.93947001284920	8.98773034616741	3
6.23757525681910	3.98520434954795	9.85974409486176	3
3.37935946235110	3.41885886025836	10.1034112518048	3
4.53252263445311	4.53260464499812	12.0312538541590	3
3.51755997375662	3.70069519918395	5.02095957054275	3
1.39180918385390	5.32339124671435	9.55914812142239	3
4.38793255246732	2.65042618177189	11.5632059573669	3
4.81375539498643	3.50669765839515	9.25299989312673	3
8.40713158193847	4.41964153684698	12.8378056347772	3
3.31350025071172	2.77172752569948	13.1647542284635	3
3.75897929572220	2.90467146588353	7.07070463592527	3
7.06241848429288	5.03285639603085	7.05284728180617	3
3.78776759011956	5.13716417327310	9.12999319499468	3
8.37676494494597	6.70939262326670	10.0175786709470	3
3.14785244664298	5.03791694418582	5.10693985543126	3
7.69474498795985	5.76090361871542	8.46927587576386	3
5.56954029199193	3.86145676038081	8.40086192898867	3
2.36276065357505	4.03323324885857	8.32560276148346	3
3.82180370387801	4.28358722096562	6.13533715600149	3
4.55413522190566	4.86973398905916	10.4901926492800	3
4.21312557146133	6.16140576648558	9.88812669601951	3
3.34070792426506	4.83214943415327	8.97511403962183	3
6.04154902792029	7.45377214795887	10.0491515152813	3
3.86852951631610	4.88347071163935	12.4423512156524	3
5.23491140751459	5.66191632636852	8.21230612712158	3
3.36749262545964	4.59486820042289	6.85288825802027	3
1.31837966547057	2.65346994607527	12.3062148539493	3
-0.307181532045840	5.26997933903628	12.4442163191466	3
8.03733482106536	5.51595519715005	11.6058463745613	3
1.66250268764505	4.19932537833510	8.70841013924829	3
4.38238369699608	5.51089158921973	11.1798431815333	3
0.634538523106564	5.96898657650184	11.5231944545601	3
0.495639549092035	3.94254223100464	8.07631076058219	3
5.72057091003689	4.27721697856056	14.5334964080449	3
2.72223045627652	4.16115716861941	8.32047870060442	3
4.95152542178865	3.40420169187687	13.2418467281215	3
6.46240447846886	3.54706954807786	10.5762533265025	3
10.7694253611390	4.30573963108233	8.71712206679181	3
7.30460059742008	8.50634086627222	15.5252625774668	3
4.91734135799459	5.21809010438801	13.5016947246452	3
7.97580892976749	6.95589607613967	11.2307390347963	3
2.69636350168443	5.53555655839239	9.98061832374521	3
5.73321545883948	5.91543167376901	9.43460162920488	3
7.05375577246636	7.06826988517831	9.95320473721863	3
2.85049636941591	4.12035822341813	13.8976824595835	3
3.34995361848211	5.17741597143525	14.1951955711047	3
0.367976254675017	5.35466963565384	5.45623273363763	3
3.09562044888865	4.36575592803529	7.63906670082849	3
5.01135192815022	4.66985861461817	12.1629544882450	3
1.11151084973162	4.46880893633721	10.0767026150636	3
6.79520996094785	3.38426733007665	9.58352433274562	3
10.3367869670880	5.16519235027604	13.1641974695011	3
5.40391057508860	6.30607481577858	12.9309352784945	3
5.39405725626725	4.85615888570429	11.3187487490323	3
6.19178187797178	6.29823687159563	10.9923911938630	3
1.58124859031431	4.01146487007152	12.0870588616100	3
4.09663740693334	4.39087892276269	12.6260857564061	3
8.47092871947724	6.73704443805037	12.2815864578127	3
1.95438321950232	7.99892104769081	9.16332397186629	3
6.76212622488580	5.22019607874217	10.2610873219628	3
2.91566954208883	5.20370435290985	11.0340941289601	3
6.62615117371645	5.61205210626961	12.9264349668513	3
3.88735728761595	3.51002292038720	12.0337082879003	3
3.72191496464431	5.60616511414699	10.8242020495254	3
4.90637780234522	5.93365706724884	10.8297718108019	3
4.15321562016903	5.67591716518549	6.80949888420172	3
5.65446729439260	6.63689333960407	8.69617241101142	3
5.11030964024305	5.53833798890290	8.53797694456177	3
1.05984507049750	3.00286728638534	8.99783418614643	3
7.14597219759153	4.34702619875502	10.4352002475657	3
11.4833793250977	6.67789231056157	9.72052737273016	3
6.63639586787185	4.02876831998130	9.72086169345624	3
1.79247103735087	7.17627941429090	12.4168481270848	3
6.26535165362983	7.30842265189817	9.91925204740657	3
5.47640704430643	5.71496805428533	12.5203117420375	3
2.22170096640004	5.18189086674586	13.7930833171791	3
3.03052854272518	5.55183622314713	6.54153894659737	3
8.14912914930581	4.18066260080941	12.1724691402873	3
6.86275088519423	5.77273604958025	9.49152009068298	3
5.61319811380417	5.93205669983466	3.88449137855131	3
7.35349307992419	5.87598716160866	8.49198422160369	3
10.9110634486818	5.39758294790799	10.2973145148341	3
4.47027692095534	3.16809740757500	7.24042325918390	3
4.38477416045160	5.18639528843479	10.4636790497251	3
6.99177711507614	4.03387254576597	13.5212286778287	3
4.73463054211803	5.87789760877611	7.66524272342286	3
2.31004480156226	4.64737438632996	9.52653844178702	3
9.95482632608269	5.45004231049570	8.13955798070266	3
2.40993285335983	2.96643005134708	7.75376753666970	3
2.54028903401183	6.47535958718899	8.78953785790599	3
8.57279805568793	6.38184874513830	9.26643624315251	3
6.53751777683259	4.47095173395894	7.58451605400539	3
6.09314698714156	5.13862841185531	14.1144522044259	3
6.50780199500540	5.79368618413006	9.54702689208838	3
9.51910663392640	5.80637883626756	6.66092685367254	3
11.9176767003932	6.07095859200117	4.89105160586226	3
4.73866953245765	5.25585816002621	11.8150380061635	3
5.18725985275000	6.30579720957334	9.98908251335364	3
4.77438036773580	5.42625820657358	7.89182178872729	3
1.10816641187156	4.16160952173984	11.4088107848211	3
10.6207554987226	4.90277061913964	10.6790089850388	3
4.83631530660718	4.10614566238028	11.7650435769786	3
3.77887431621544	4.65493405303461	8.82423765322917	3
7.18231511512915	4.88130691726051	10.2551055807559	3
6.43018928731804	4.23691589216251	7.70714420807032	3
0.606447550722034	8.89811827736042	5.03243094106728	3
6.06823641686500	3.86077556922741	9.85015517902763	3
5.02414566722535	5.12757219288714	8.60879511644514	3
4.08556990664105	4.99920315661600	7.33961439893887	3
5.17819624953583	6.52360451455909	9.55237596949508	3
4.25951338698366	5.16555180181757	9.74487909653060	3
3.36966570301991	4.71226078599717	14.5198873318546	3
8.59631682250508	5.41956358799425	10.8303264653166	3
5.04010868072835	7.21295767756313	9.18077435637671	3
3.43535080196236	4.18054296300828	5.30691820019555	3
7.97422488760138	4.41070004081045	7.44316551383776	3
3.74907295269024	4.82283321874307	11.6358125722150	3
2.85726129952519	4.45837390482445	11.4645677845211	3
7.64704773280407	5.70582816722834	8.46084216027127	3
5.00465380073691	4.41378759653057	6.89335914047310	3
4.12748749681841	3.60357589459604	12.6733915557539	3
5.35764700969139	4.72236641880590	12.5036825964795	3
2.71613572701455	3.61896037615677	7.09095763367642	3
8.11623674139689	3.96210140915032	15.8708364808840	3
6.65055141113268	4.87153972212926	7.34580038631334	3
4.46055167322391	6.38194923697762	7.85118915287977	3
1.70587674213275	5.53867982689820	13.9099626043332	3
6.90602019425034	4.91854872104619	9.54698370084653	3
3.26058018078638	7.38017455351407	10.2720033221244	3
2.10550282454022	3.95239490034379	10.8272361548886	3
7.69661303159246	6.21956059498214	4.52899132535880	3
2.86730622208815	6.84656060441712	11.1644290235415	3
3.65376762297551	3.68281410260938	12.9912483702140	3
9.20552213181199	6.05617270297030	10.2745850602171	3
6.49558912137104	4.28912450367938	8.85146679663542	3
3.31015163388674	4.74791998635554	13.4619609856746	3
6.57044782187914	4.59187420645788	9.00107280014669	3
4.59967837147566	4.20415070660345	7.42847267289127	3
0.0959485293894318	2.90500868058940	10.7504843607633	3
7.80138311410404	6.55987444659080	10.5145056838184	3
5.86756452177755	5.98224987946414	9.89485705339559	3
3.22475657631377	2.08105452024276	10.0505684611326	3
5.61724946262386	5.60680647791475	6.33574948354775	3
0.870821907823963	1.81557096420600	9.63519251379383	3
7.94088062500147	5.18770193705598	10.3382940406177	3
6.82405633467326	5.02100841144683	8.73196809214667	3
7.32147178389166	3.63579235109065	9.74150851857470	3
5.81432129185645	6.25297153371770	8.14082504584569	3
1.92269701759153	6.27356660180053	11.9090319948510	3
6.55252358430121	4.40684101609898	14.1334838136221	3
6.39357343246784	4.70982770453968	13.9738150730850	3
4.16529331826977	4.34653502689815	10.3049372515685	3
8.59801978254414	6.87493927610868	12.0442986792138	3
5.78538041891961	4.89968700999610	13.1135932944868	3
4.35259352727914	7.72191450763151	13.2026301314569	3
4.60417317114720	5.22450350361825	6.23216465540195	3
3.10943309684909	3.35102547506959	8.93197365853588	3
8.85830242611467	6.71359780588604	13.5005339603091	3
5.84395872109158	5.29309614550854	9.63432799812350	3
4.91482805277416	6.36422129667853	6.29078962652923	3
6.46982600027655	7.57295348128181	13.8047179989447	3
7.09500985120388	5.37773538400036	10.4308114756331	3
5.40571204250682	3.84250956628445	7.44905901857251	3
1.99629722388198	4.85085082390688	12.5775201080237	3
5.94514370786926	7.07080730475284	5.50304196779550	3
1.58032371929735	3.19345740133873	10.4677874157721	3
4.42577723012534	5.51959868471035	8.11323196250934	3
4.36362436953940	4.73423124900345	3.50695389826508	3
3.99889763191449	4.96971078300719	10.2286871301039	3
5.69114501410264	5.36192110481500	13.6342362982280	3
5.56375919882295	4.69455119741302	10.6778963419301	3
8.71895042247052	6.13649304585000	8.41161891199015	3
10.8021814520142	6.77466910264924	8.48646976984383	3
8.28521460262178	3.38974778447467	11.7886739866812	3
6.90075928684154	6.65298583486958	6.91055344927330	3
9.77784245984625	7.11505136843316	11.2369513494591	3
6.71166949708738	4.56121422062658	12.8108410933314	3
8.04245763603324	6.05486776305906	7.15270758650848	3
2.36381517072216	2.45410971772923	9.47877550859330	3
8.82768395557352	4.30519981201353	14.7643242111954	3
3.71592825293452	5.34654566476716	9.53403622451144	3
5.55629400283514	7.77786717357063	8.81096939249094	3
1.71003537782281	5.10904016541750	7.44461275823456	3
6.34640667880084	5.08078046869271	11.5241133155191	3
3.97680576384816	6.59048467863554	2.56669829533901	3
5.82144435995898	5.30586472173828	13.4565415691050	3
4.84062532646737	5.19636880020701	15.4813428865972	3
2.92733852558190	3.98200691890556	6.89116855005432	3
7.62909683866780	6.18235101227723	9.23879679573706	3
6.33497634054351	4.21705159664974	10.4159155348396	3
6.18763425656904	4.38983478703930	7.55666134007460	3
3.65715142840081	5.41341365519602	11.6175713643589	3
4.02307237247749	1.58880246092893	10.3676513185187	3
8.18918747993294	7.76669302279231	9.78979757317990	3
2.88835914222726	5.41076778500736	6.64749660573152	3
8.81066669674062	5.68665732082712	11.1051268365602	3
3.81898456390107	5.05922625857683	11.4886904396991	3
9.07447188560878	7.36818951278628	17.5537362071805	3
5.07674330067328	4.15325051257194	8.43111477302966	3
7.89239280057250	4.67611375570416	9.76145709368627	3
3.74675721874864	4.35672826807162	11.5999386419783	3
2.75308762068569	4.28806629355104	9.83464354220733	3
7.87220868512359	5.98838379997650	9.63768674128633	3
3.35785120058458	4.17979289798290	8.98266212239936	3
3.24254379185138	5.01382160408483	12.5755137005228	3
2.15471875322316	4.65350672373419	8.97055337330198	3
5.84728780223408	4.09297705109237	10.0608741430625	3
4.48493445052873	5.16764301711574	14.0095936511091	3
9.27235435562836	6.99872855825077	12.5589156507237	3
6.71513804483611	6.00577958180792	11.4025322708048	3
4.75844762755079	5.32763960680035	10.2038801395725	3
2.10834875176230	5.13254280322753	6.46794422806358	3
4.52414131435599	4.83769844626254	7.48961861488233	3
-0.672634941031885	3.40914030187751	9.60257569032005	3
5.10925752352036	6.41865142205641	8.78226645367833	3
6.26259744042106	6.12614921147544	14.3632380288723	3
5.85651847495678	5.37037492635118	12.0683175293362	3
4.79744871530167	3.73538425010347	9.91052890879275	3
1.07647105128215	6.57533576149505	13.0793581870553	3
4.58399777803906	3.64723758205241	1.85962764966778	3
3.47305722719735	4.69986511634511	12.0825210364178	3
4.12720596521925	5.34922956320152	9.63793535560960	3
4.97713170814020	4.81355554452153	12.3696008600826	3
3.15886888530691	2.12729921417701	7.94101034957022	3
6.60608667349578	5.39482305656983	12.7475731568870	3
4.70997086887068	5.16158573186744	8.88664397462747	3
0.639524178973868	3.03896204300339	10.4750871019926	3
5.83228636306378	6.00291607228834	8.24576613953068	3
6.65654634461771	4.28580891282411	14.6521065264441	3
1.61784601489406	7.16201726001141	14.2863200971822	3
2.79050824500339	2.80394274693441	10.7569810540135	3
3.56009489685325	5.66368212857182	12.4170377147626	3
5.31399773632080	8.69773688879450	11.6262835371045	3
5.24943192141309	5.51174881895086	11.1356851712856	3
7.89085052323994	5.01236095587260	9.62450445943238	3
1.99097987377292	2.87776681842179	9.16748451398156	3
1.84468066124335	6.44574045264957	9.59733796643163	3
4.84994797584316	7.52474705238297	11.9876740932997	3
3.30767289467849	4.20444037316253	12.9409594024644	3
2.90460401799349	4.86206326205656	8.79529089366845	3
3.08398481867272	4.08576567501733	12.1978449560441	3
0.539455071958699	4.81062652792090	8.02876475432758	3
4.51146015884010	4.46494072113099	8.51988561203753	3
4.98564943754559	4.36655438884049	7.69658456577885	3
6.02196774868939	4.72742816383223	6.38014555958806	3
6.63849439737943	5.47856329576023	10.7054228511326	3
4.44322714221543	6.97156214858158	4.99568245919742	3
5.91856090563171	4.46204764380325	8.53342902367657	3
6.09693914407938	6.17260557401114	11.2050851498081	3
4.07998045756362	5.72552473775076	10.4221964728283	3
8.10483469399902	5.62447774196080	10.0836916373077	3
6.13811081864240	4.79558455546825	7.62718958123817	3
5.37554919302233	5.98413849392366	11.2041062845926	3
1.18161793444203	3.42346530392481	14.3900475715384	3
-1.06982086535358	2.52156200931425	11.6309924257790	3
2.83323203724130	4.78535418579891	11.7241382848413	3
3.97882922217011	6.43603976934397	7.81553991133411	3
5.85645065965612	5.36185491058302	10.1093855954258	3
3.33779922806660	7.25678542713900	11.7068481001158	3
3.19654799145132	2.74898302685328	8.58941368708361	3
8.63235427444128	5.95888435444918	11.7941238895951	3
3.97647876673095	4.24095216086079	9.85005425385245	3
7.23829230403412	1.87240165315887	7.68535509116210	3
6.19115738372937	3.81968257653494	10.1461979663158	3
4.71376657660159	5.28201259709042	7.02617689080419	3
4.05738901974381	5.27046707880816	9.23833518505054	3
3.10964216121724	6.09702215848065	14.7249881000429	3
2.54103563101105	6.10466728105768	8.57412500787038	3
6.96666830429844	8.07507107056776	6.62079943643675	3
5.77939018615985	3.30200788509353	10.3656560154686	3
6.88034004378211	4.38956621293343	13.1313549461531	3
3.60250888690009	3.68923579476941	12.7243348587807	3
8.77295939928954	7.19007590239063	13.4829331868621	3
6.49205725314987	4.99701502830733	8.05926293838168	3
4.14774101785475	2.52690910694794	7.65307260803870	3
0.812048642576262	3.19655255647359	13.5404417373282	3
3.64357952166979	2.06071629456929	13.1289099375091	3
5.06269211133319	6.18634325437257	12.1828740408563	3
6.42192577433249	4.67134117440889	12.4557236779354	3
7.00491617487423	1.68988414651227	10.3868868779084	3
6.56708104039150	4.92299155688772	10.4736275779155	3
6.72508577373163	6.60995132913456	7.07472253223929	3
8.01226844049404	5.55745237139096	12.2119333146781	3
5.07825751214290	3.80094967580764	7.99271419201680	3
4.44284750392024	5.00436337322831	5.64842431422682	3
7.94992966850534	3.95234862292482	8.49989904541842	3
6.11675073214526	6.83736408037535	12.4359092813747	3
5.66654417200999	3.91402045490473	9.39264348142679	3
8.95262249642903	6.17667862649332	15.7093084451088	3
4.11186943297047	3.11761947028677	11.9411036680146	3
8.25946897343181	7.32872707884845	8.61935523739946	3
5.31202846618506	3.71681743127873	10.3945913586051	3
4.72393878726941	3.82701279522828	11.9748922629060	3
8.53601408258056	5.76596803776760	8.12434538357845	3
3.41190926371585	5.71382930084247	10.8947768339381	3
3.72455839716856	6.52335255533914	9.66220008648217	3
6.14138553201566	7.35784897223122	10.4251631637520	3
4.67861528751215	5.82222369841830	8.83567709335936	3
4.15845353150772	5.68779025527764	8.03627069287776	3
5.53913218538861	4.69455721285018	13.4131588471059	3
10.9749506986714	5.89831728512062	7.03358474594392	3
7.28218917599900	4.86378289184779	13.3129955727428	3
4.15801579202937	5.07403119847562	11.4474949780357	3
6.87265506755967	5.12663689186751	14.3297303842740	3
-1.28013342183105	3.36109877491788	7.72299405762552	3
-2.11673296057353	4.92314688802410	9.94561420499449	3
6.82030953081929	7.64638385161023	11.1100776616947	3
4.08900548754138	4.59795868162030	4.34804422582632	3
6.11784137897353	5.68610449494128	9.14940231806064	3
3.60254367800730	6.09708667959160	15.9238275427526	3
9.76681089343597	5.38432067100802	10.6514354664812	3
4.23951223345507	5.14455041228653	10.6044729329328	3
3.50051011659735	4.50421961876366	11.9769121617583	3
8.96502522847421	5.78169189557837	11.2372204003564	3
0.500876546262103	3.48093544489623	7.35603036248962	3
2.73631372919325	6.15245484246327	7.71671007633449	3
4.56959569342436	4.26781788186491	15.9306934905850	3
4.85238735771230	8.05444417964503	10.2111904935933	3
6.13400487330335	4.97446595455018	9.54056088013196	3