3.12573890840176	-7.50316728356027	1	1
8.46443273827975	-0.688712114273411	1	1
7.59769507339650	3.31477845223818	1	1
2.63014806887391	-7.51905528438805	1	1
6.03217410059438	5.52877197496843	1	1
4.34956112499372	6.81982982687719	1	1
6.98471473767997	-3.84080762074198	1	1
5.98898356720443	5.48735855146999	1	1
3.85937427578582	7.23809657283000	1	1
6.60327482088646	5.33989665354379	1	1
6.34230787265612	4.23536903021298	1	1
0.530066598725305	7.57761350220790	1	1
5.65830408240931	5.98386590907816	1	1
6.77042859775608	-3.79734293272039	1	1
0.688089686144709	-7.66996902432100	1	1
6.17771499316090	5.67792046638455	1	1
7.84996841258545	-3.06077711095122	1	1
0.288530716839092	-7.58119310810661	1	1
7.53092207989893	-0.0523352944973460	1	1
6.55968234576944	4.24749600252809	1	1
7.13997180412688	-2.17549288995718	1	1
7.62414224050279	-0.820159139619395	1	1
2.69257498318075	7.74264889622718	1	1
8.18486022721417	-1.03971173015465	1	1
3.30178161336537	7.58558250435588	1	1
6.25880535513897	5.53863893771919	1	1
8.23770339530652	-0.260849800586526	1	1
4.74279810367511	-6.18578466130887	1	1
6.11357237292480	-5.04885318776714	1	1
7.80019165750713	0.324768554116881	1	1
2.79583830544836	-7.16232464536614	1	1
1.59219738826221	-7.47307576231612	1	1
8.31591260829955	0.901547835801059	1	1
6.68111238244521	5.20999148720926	1	1
2.17772298165060	-7.34811266965077	1	1
7.98461897794276	0.402981077588628	1	1
2.99582356436687	-6.98285622800948	1	1
4.53263678058131	6.21799410768381	1	1
2.77069869259828	7.82274398636882	1	1
3.14112246211229	7.88538348472967	1	1
7.39427466221957	-1.97599526037865	1	1
7.79918250963949	0.514353789697956	1	1
7.14582129996072	3.40694168434953	1	1
5.65442450415919	-5.65121790394777	1	1
7.85769837369193	1.57383785857019	1	1
6.29702638614176	-4.83487502891923	1	1
1.31142622796938	-8.05110416069907	1	1
4.03642303447946	-6.58266358170076	1	1
0.743041296223367	8.35188884894946	1	1
1.05727018749269	-7.83783557985568	1	1
2.91674295499293	-7.68709715466541	1	1
6.87086566726933	-3.38781227604637	1	1
-0.0955286747549489	7.90271870462913	1	1
0.149033870435488	-8.39565212534036	1	1
7.72347517025641	2.90733434279780	1	1
7.66194801381719	2.85930507618376	1	1
8.33019296588536	-0.205215095251348	1	1
7.50111769106242	-1.49245848182410	1	1
0.786812654443375	-7.53637573778967	1	1
3.06457414594987	-6.89434724912629	1	1
8.13514100928019	0.860746441232490	1	1
2.77340927811502	-7.31885804297644	1	1
7.73513593970426	2.77001277762549	1	1
0.860977821746152	7.70447967656576	1	1
6.60418959589493	4.59749999956342	1	1
6.30333565502380	4.77399397428728	1	1
7.54223857620662	0.953765929229659	1	1
7.96337670793637	0.482940118065148	1	1
6.58175042262464	-4.85827140474289	1	1
7.41613964448610	3.48593428660078	1	1
1.16841700640167	-8.15357392457093	1	1
6.08945355318867	5.07306513785730	1	1
5.93723780924753	-5.97659807531736	1	1
2.06911341402566	-7.46714875909453	1	1
8.02420784262228	-1.74438913953189	1	1
1.99420716612147	-7.36833398401112	1	1
1.15838942959702	8.11633439019020	1	1
7.96798385347111	-1.81388306966952	1	1
0.442658954313497	8.02052869956064	1	1
4.02109210883218	7.43832186099242	1	1
7.75460460530057	2.63601929241672	1	1
4.85743424782990	5.82101297943262	1	1
8.39535046240335	-1.11361704604184	1	1
6.93172721684672	4.08852644277235	1	1
6.24154608516144	-4.68473966708645	1	1
8.07608203483187	-2.10576031975527	1	1
5.63593825041064	5.35411874788449	1	1
1.34149643612511	7.75457635242102	1	1
-0.246879790627293	7.93867007174554	1	1
4.83850015756030	6.91407481078501	1	1
7.82358655050058	0.551044774304560	1	1
7.29557534394124	-2.77269516872640	1	1
2.90992643431957	7.05431977069981	1	1
3.51046862832587	7.40475882656416	1	1
6.33920129486133	4.63556833999343	1	1
2.36840339197411	7.62559460208768	1	1
7.81715000288489	1.97182748074909	1	1
6.52244810495222	4.81973150815484	1	1
7.21467844639404	-2.69761150287194	1	1
4.70655462312236	6.14877882438514	1	1
7.43836494556064	-3.39910300252778	1	1
4.78167905326073	6.67049376435080	1	1
2.41772349835499	7.96713543557613	1	1
2.27055007897958	-7.28276570603884	1	1
8.12013897990170	-1.30518949043549	1	1
7.78879813031765	2.17453017733007	1	1
3.02139036820558	7.66979394437759	1	1
8.06076912981353	-1.75742079313235	1	1
2.77527038498927	7.95427988513425	1	1
5.58900480838473	6.29844021491037	1	1
3.83078148716966	7.44781307990629	1	1
6.99106658422570	3.92074884636607	1	1
7.40614405201698	3.55491464215129	1	1
1.46459313040326	-8.22422861545750	1	1
3.00114663405060	-7.49277300993205	1	1
4.62395345480674	-6.21314797127020	1	1
1.77106598640426	8.00921617006045	1	1
8.03827033031079	1.49452720524854	1	1
7.48257149928084	2.22006647226954	1	1
7.24768195501625	2.12439576521111	1	1
0.354918829590904	-8.11138116162162	1	1
4.98055754783826	6.31989964616394	1	1
2.81537556295920	7.97128398049665	1	1
4.45344879888870	-6.01449725058916	1	1
1.04243017338943	7.62739001452112	1	1
0.675591355052631	-8.27707919653176	1	1
5.05324281215475	-6.42457905261488	1	1
0.828819784058329	-7.84586156817161	1	1
5.07529174659727	-5.73108518713246	1	1
7.83736791990615	-2.86224234135015	1	1
-0.200169578486231	-8.10140829379775	1	1
7.38578661227342	-1.72521951216930	1	1
8.02915113999770	-0.267665342510664	1	1
6.14401059949943	5.18948489079267	1	1
4.72200034738720	6.58022038489451	1	1
8.09909286780165	0.000318607698007178	1	1
6.45146051069102	-4.42805055438882	1	1
0.733028468788059	-7.77038358935763	1	1
6.66356823732587	4.04407127026391	1	1
5.48749519402118	6.37868536215815	1	1
6.62224163523503	4.21376867168358	1	1
2.58270686501010	7.59797946530832	1	1
6.85855507158253	-2.80105872817266	1	1
7.33637131367353	3.38459734295132	1	1
2.86683455919794	-7.16910914943654	1	1
7.48462676925144	1.37817146526392	1	1
2.98768372629342	-7.67433275612945	1	1
4.89183360676337	5.89155909719436	1	1
4.43890646523382	-6.29735140737183	1	1
3.55911211722036	-7.58393477756842	1	1
8.23214603650570	1.69033956498519	1	1
7.85186082900764	-1.83961146981964	1	1
1.98781204979279	7.42059714624426	1	1
6.08079353995485	5.17599136842735	1	1
7.53556323874683	-1.82334329721615	1	1
7.51826858900632	-0.411712998507049	1	1
1.86125221919506	-7.96595665364079	1	1
7.37709774030124	-3.98814600192265	1	1
8.36898330057667	0.243825971335633	1	1
7.37573462360201	-3.22960451305341	1	1
2.20473220461985	7.64570572511974	1	1
0.523878314759202	8.03789121796338	1	1
5.25585755146805	-6.00357771837137	1	1
6.51938373099563	4.51538523114698	1	1
1.98578578562878	8.14515779644042	1	1
1.79774729698194	-7.78138010850735	1	1
1.17767368197580	8.13867219822061	1	1
1.45642520396621	7.72282331715979	1	1
7.58399976261432	-1.60604992524421	1	1
7.78267690505881	1.17283958753470	1	1
0.379410754676539	7.97952024903597	1	1
1.31148922252815	8.07072101841524	1	1
5.60747295655509	5.50916177773401	1	1
3.30040186909610	6.93140561876999	1	1
7.19249144428536	-3.34765088246224	1	1
8.43483906993031	0.538178254482397	1	1
2.45357560578793	7.78471850027128	1	1
8.08424719600946	1.24220607324217	1	1
2.31741941568157	-7.22139702900321	1	1
8.17426156516260	-1.92248022352863	1	1
5.86216300381133	-5.42406703733366	1	1
0.685846369193010	-8.06293670127412	1	1
7.54044217161078	-1.71597889840708	1	1
8.37676333451637	-0.402438342140405	1	1
8.21115441183056	-0.410456614856435	1	1
7.49256721883454	-2.57066775309625	1	1
5.29744306495940	-6.08399199143934	1	1
7.47652928762041	-2.08720028483141	1	1
6.06572781039016	-5.10718620050357	1	1
7.71518359206757	1.57989732992817	1	1
6.73999305518862	-3.24590866855970	1	1
4.15654181756575	6.65957862791006	1	1
3.13368686514972	-6.93415075083569	1	1
5.49159439266462	5.68225611313819	1	1
7.10719634394056	3.75579767508470	1	1
6.12221537283928	4.81411541270900	1	1
0.785784115842519	-8.25380003187458	1	1
4.33659467231218	6.91872414513925	1	1
1.93731728779831	7.99033363944218	1	1
6.94705339653279	-5.03360617158939	1	1
2.08723076105055	7.75292660946967	1	1
4.87344091950448	6.25446898413695	1	1
7.20618619424069	-2.39344057974651	1	1
6.80000580622882	-4.90964240884760	1	1
2.70008792777685	-7.23915126065752	1	1
7.97908335664353	-2.51072656855915	1	1
3.57683274294453	-7.16714337084037	1	1
6.80570033667249	-4.48045144214494	1	1
5.10918480059048	-6.37940052474458	1	1
7.79632434349702	-1.12179347528336	1	1
0.137987186438622	8.35083606087610	1	1
4.97091298768838	6.96628110598777	1	1
7.62590491399061	1.65414437599236	1	1
7.65891551953075	-1.06456511535845	1	1
7.33285391588620	3.30565677133079	1	1
7.53952056030501	-3.41442293199682	1	1
7.30529059647275	-1.82850290878456	1	1
5.06599116021847	-6.03463633137709	1	1
3.97491711124871	6.80827810652529	1	1
7.85113941021033	-0.514386656055169	1	1
7.68944491062605	3.18531424072164	1	1
0.958905499879510	-8.12841218518586	1	1
1.14754683307311	-7.48998738507271	1	1
2.22364273381600	-7.05826119393435	1	1
7.38892316312163	1.39614556097865	1	1
5.32299955477699	-5.82755436420331	1	1
1.77261905066240	-8.12377990072553	1	1
7.34352006055134	3.51456094832635	1	1
2.60150095514906	7.67699387346367	1	1
8.39501633297342	-0.692621152647294	1	1
7.23986617380885	4.29733439655793	1	1
3.63393608384612	-6.89740505831324	1	1
3.99609388421719	6.82621876768611	1	1
4.90836145959752	6.35529479118500	1	1
8.12951956782296	-0.386591773230207	1	1
2.20136393144484	7.28135439266372	1	1
5.41001176463710	5.78996936709317	1	1
6.90664356072171	-3.47084759033826	1	1
3.05194366315039	7.21253678154803	1	1
7.29869443669013	-2.99597006535881	1	1
2.72481317414590	-7.12355984539298	1	1
8.30070789818051	-0.195280483888279	1	1
6.67562444178606	4.88186879736586	1	1
5.23973936554994	-5.66855153335441	1	1
1.50092018512721	-8.40649358242506	1	1
6.73181540426949	-4.03456617867763	1	1
8.22225013003636	0.722120366042091	1	1
8.25048724577436	1.51119880733428	1	1
4.38521613976414	7.00404430943680	1	1
7.84204145026567	1.14222576801175	1	1
7.64824282737980	0.604473169034720	1	1
3.84227748996874	-7.50209898214766	1	1
6.59675501321982	-4.53217225531901	1	1
7.42375920695210	-2.51487106080276	1	1
2.13354151716918	7.73789113150513	1	1
2.37809130729631	7.92463227780043	1	1
8.20091391072930	-1.74647089459337	1	1
7.44761206847437	1.24142005303547	1	1
7.60497857452946	-1.07117092430403	1	1
0.777144196512506	7.63478580637323	1	1
7.30329396495522	-1.56588916105510	1	1
6.99673824966756	-3.13873434290440	1	1
8.21647847317454	0.952946816764809	1	1
3.84790999558621	6.88139189164182	1	1
5.41656679354829	-6.02802395809689	1	1
4.57030385038881	-6.14476285648240	1	1
6.29313682861246	4.68945508516392	1	1
7.68316584007418	-0.573618370657714	1	1
5.26374252906560	6.25477754470640	1	1
4.31628264596656	6.77160775945380	1	1
4.85378980936635	-6.15828324407356	1	1
1.85981626888393	7.74231353913996	1	1
4.45129675808049	6.84848073622478	1	1
0.713370403421886	-7.67006398276384	1	1
7.56626663888300	-2.00936872519783	1	1
7.49215559210147	-1.65383129774938	1	1
1.01083954517695	-8.11327599575418	1	1
2.65015308867846	7.27314944684855	1	1
2.99438764565172	-7.47057582080124	1	1
2.25232646946995	-7.79650032877075	1	1
4.53887059682131	5.76047287867212	1	1
3.76494800270105	7.03995144657456	1	1
7.11165872008562	-3.38366566983152	1	1
4.07819118014153	6.91032939601499	1	1
3.04297384040836	7.65016887725958	1	1
7.74425661748828	3.63511103612692	1	1
7.90064118067313	1.95261139922049	1	1
2.36347914008276	7.86445634105662	1	1
6.95698889106626	-4.29513414363945	1	1
8.16015769412576	-0.984107496157253	1	1
0.438811426241313	-7.59665140158306	1	1
5.23073227832851	6.04551256521401	1	1
1.90657093706399	-8.17376229053118	1	1
7.05232832917205	-4.15359655456277	1	1
5.51899271107746	-5.25059458109095	1	1
7.21405480481023	2.97934845292369	1	1
7.49421232570419	0.570509897775801	1	1
2.46862939571445	7.22675756233148	1	1
2.49815932163292	-7.70813343361210	1	1
7.79285497674108	1.55675842856943	1	1
6.56156373904229	-3.71730501546468	1	1
6.35945743737843	-5.05125469494768	1	1
6.49273880487546	5.06585212393530	1	1
7.25485432236968	-1.82669357898458	1	1
7.66795249572796	3.12614153604063	1	1
4.51764856700311	-6.41373311244386	1	1
1.43866999732583	7.56143489792253	1	1
0.345283358810192	-7.84281503291192	1	1
5.63046087065081	-6.19296068800738	1	1
0.499787707241356	7.79781862264297	1	1
2.85800799130074	-7.41261696524028	1	1
3.14041455032580	-6.99097546305782	1	1
6.28486551300713	-4.18232855669203	1	1
2.76236173821008	-7.21009808435260	1	1
7.80374449639879	0.961753006731889	1	1
7.73526367781041	3.09026708384797	1	1
1.56913820238619	7.38290342293863	1	1
0.266353626903625	-8.28846157701799	1	1
3.01917020834511	-7.13998866295849	1	1
-0.193250487165851	8.45618199125735	1	1
6.90303755974529	-4.15065172725178	1	1
7.49268129256087	-3.34950316030268	1	1
8.08801128893578	1.90442046435808	1	1
8.47514257473950	0.776925900828534	1	1
7.08509943567898	2.56580717462531	1	1
7.53904784161758	0.725773788047130	1	1
1.15332441909246	8.29199562351412	1	1
7.37087876706965	1.79323205369452	1	1
2.79663767930181	7.15080944717044	1	1
1.50915956199267	8.36182224113464	1	1
7.51779289897618	-1.51243155412534	1	1
7.90044315394965	-2.65238414126701	1	1
5.37156223101839	-5.71510985151937	1	1
5.62116014859297	5.68612637529392	1	1
5.80095739801517	-5.35307086219496	1	1
6.75536659597537	-4.98634856308306	1	1
8.34603843533452	-0.192924982211195	1	1
2.93882116076366	-7.71654197985485	1	1
5.51156604495363	-6.38665993082611	1	1
8.27906180418468	0.397015503023969	1	1
5.78521361610814	-6.11723170033179	1	1
6.74454104620723	-3.54694823292826	1	1
0.792412323124284	-7.55754305374160	1	1
3.04091894856944	7.23924397628666	1	1
2.98196921186876	-7.61198656409976	1	1
7.65628788582231	-1.94037695815265	1	1
3.35716779486549	7.18380500192925	1	1
0.276874631301713	-8.22569421593004	1	1
4.05112173801306	-7.08179857017331	1	1
1.26497249845857	8.17310583965325	1	1
6.45726442588614	5.25380960146846	1	1
7.39798209074668	1.93473196010697	1	1
6.97316282314469	-2.79533524056029	1	1
2.13085049675498	-7.25739444943430	1	1
7.32127924336849	1.75590933105748	1	1
6.59712326386024	-4.57996238500641	1	1
1.13390146498459	-8.22793265264245	1	1
7.64869243345386	1.52762036779611	1	1
7.06885988475281	-3.47846142069099	1	1
1.94171876265559	-7.68639984391568	1	1
3.13648673116857	-7.53032981850909	1	1
3.95635422510069	6.80825889441975	1	1
4.95236440211265	6.63447151836961	1	1
7.24031427741530	-3.41731050711925	1	1
5.29543405798952	-6.38272822607807	1	1
5.88157798155351	5.71237949649471	1	1
6.94809154321620	2.96523288172741	1	1
7.10302879203713	3.74944011971447	1	1
8.29540555897631	1.18961849535283	1	1
4.27991305237303	6.42451987627647	1	1
5.47737179586386	-5.19154958239354	1	1
2.26647554545661	7.98230205072216	1	1
2.74897139481800	-7.94427552905964	1	1
1.60802698301961	7.41282537840380	1	1
4.98029577720086	-6.67503000094854	1	1
3.39901183783095	-7.02291935198472	1	1
7.89389979262770	1.43755349960697	1	1
7.87209752507861	-2.34014955655153	1	1
7.05619890802681	3.24544089535103	1	1
5.51090498381373	-5.34999596288447	1	1
7.28085612433477	-2.23404163164156	1	1
7.92268415008134	-3.18452679913117	1	1
3.49163952357144	-7.37003542311908	1	1
7.80913892063622	0.915988534902205	1	1
3.03997488613012	-7.08325406033622	1	1
8.25674247142956	-0.295753497695852	1	1
7.08460923073929	-3.15608349690976	1	1
7.86529970731352	-1.41172726886761	1	1
6.63275266513355	-4.80360171165017	1	1
8.12140860916673	-1.62660803918971	1	1
4.59345716602724	-5.94383034674536	1	1
7.42995625571885	0.893082407014182	1	1
2.17699617026011	-7.89916385284472	1	1
2.09602764425799	7.47798078460144	1	1
0.0135056833283500	-7.58650160902008	1	1
5.70680965831334	-5.13927343573842	1	1
7.72635965419883	-1.45747908076034	1	1
3.85104434937937	7.44471132378383	1	1
4.15031909973990	-7.36952580623606	1	1
5.99597969763429	-4.81581993589726	1	1
8.13938012230517	2.08278825205512	1	1
5.64759547916105	4.73595251142926	1	1
6.36374737176990	4.06119124212138	1	1
8.18454188994487	-2.26845156068784	1	1
6.22654577653495	-4.94444846961269	1	1
3.20607009272356	-7.09740415627969	1	1
4.70951666939488	5.83618572617431	1	1
7.57128732985415	-0.169724764736766	1	1
7.47385909856308	1.84704228435748	1	1
5.38836484165896	5.61543524833513	1	1
5.31451365467967	-5.69846984779420	1	1
5.06733859809710	-6.56316104288403	1	1
7.23105360602434	3.22704777607884	1	1
7.18777863825364	3.83388462455293	1	1
7.79110228331811	0.543646748844259	1	1
5.79501807119533	4.99696102544136	1	1
3.86621348060808	6.90545820732902	1	1
7.86254193972906	2.10282994478812	1	1
6.19447550319609	5.18024168174860	1	1
6.02783397328277	5.83356082435654	1	1
7.14801377075042	-3.19799019760793	1	1
0.883764321670729	-7.63551801786221	1	1
4.16670844117614	6.41453272270914	1	1
2.70441070321291	-7.97914668390185	1	1
7.53705947684771	-1.84729957236252	1	1
4.46509654112393	6.78613773826927	1	1
6.13347558159299	-5.16267723354853	1	1
6.87996753752386	-3.73735437947010	1	1
6.82852382112406	3.54757687734229	1	1
8.47937734774219	-0.970644934930646	1	1
1.03277589118896	8.18610904322616	1	1
0.609749781991641	8.28337123827813	1	1
4.82857161376757	-6.04007037688643	1	1
2.23725167480696	7.95761706400222	1	1
6.71008663990273	-4.34230159969486	1	1
5.59326571860542	-6.45217323231802	1	1
4.83684526528304	-6.78204661958394	1	1
6.22780666928020	-4.61516155968477	1	1
0.941801967382366	-7.64527842450193	1	1
6.59499455323356	4.86838294802081	1	1
0.596723957508310	-7.77021391671011	1	1
8.06132394776450	-1.65873142916320	1	1
6.98576030148481	-3.47259869357761	1	1
1.52159783805775	-7.40780583716613	1	1
5.27739362162687	6.00930920720794	1	1
0.709294845831359	-8.24079813110221	1	1
4.22664049793283	6.85809277129433	1	1
1.47654511650567	-7.69427481411982	1	1
1.51646107595332	-7.57460416526558	1	1
4.28564771173524	7.26625051644259	1	1
1.49726535757850	7.51257067316578	1	1
6.17367447237155	5.52083113374905	1	1
8.27752289353171	-1.57224358573434	1	1
5.07168207597040	-6.48272783356315	1	1
7.79084767099710	-2.93062336986260	1	1
6.72506546021129	4.38418509297479	1	1
7.68877069705810	1.64460194926840	1	1
3.72735263049333	-7.09795099439821	1	1
7.56769270300405	-2.78957253333827	1	1
5.76989705325191	5.27122745692546	1	1
8.47066526124210	-0.196319207853230	1	1
3.22336305055701	-7.52999643024013	1	1
3.95440466868307	6.66303722004892	1	1
4.12359770881284	-6.99674171192287	1	1
4.80832091703761	7.21222800663505	1	1
2.69561044716741	7.39378257273352	1	1
1.08067956764540	8.25125885223221	1	1
0.388072544227442	7.99298135394984	1	1
1.12817502210370	-8.13741563220962	1	1
2.70435084337062	-7.39391321948585	1	1
1.57427843347183	7.40963403326372	1	1
6.50995068773146	-4.51387329959014	1	1
0.600310185089863	-7.55840731073033	1	1
5.32047487564792	6.56600414677181	1	1
1.83630015792817	8.05420594422822	1	1
7.25832443502161	3.84569952551563	1	1
5.82989274844091	-5.17108217232568	1	1
7.89338789294898	-2.24627348595668	1	1
8.07768372050339	1.41110412560565	1	1
2.64703687847963	-8.00285339939167	1	1
0.516673375004311	7.95198973478378	1	1
8.07226164747708	0.0355979422130063	1	1
3.08752752485855	6.69209538882745	1	1
7.91297127264085	-0.0612829303343981	1	1
7.49784416913450	-1.76808188411722	1	1
7.71085599318426	-3.89709139741560	1	1
4.86252560201369	6.31013745015989	1	1
7.39800098550681	4.18950045494086	1	1
7.00165797309767	4.24509808462067	1	1
7.45011798006811	-2.58537849268767	1	1
7.26923451887445	-1.82498983500411	1	1
7.11365005400630	-4.62811041475490	1	1
4.11512910165836	7.17706882329074	1	1
6.75846549743720	-3.30881723221925	1	1
5.21449671320642	-6.04490491709400	1	1
7.95740485120786	2.59466895333707	1	1
7.61792853575173	2.71391934982539	1	1
6.63022230099232	-4.57162822587891	1	1
5.37605041504567	5.55492719593812	1	1
0.962948039309157	-8.17106310999783	1	1
3.05856987451638	7.19538009029321	1	1
7.77987703269620	-0.774060862249814	1	1
1.06784043950436	8.18300101818996	1	1
6.71033160128685	4.00857442077397	1	1
6.69350162814750	4.18067138463004	1	1
1.69878458856004	-7.85202154683435	1	1
4.65542934381965	6.47212341573669	1	1
8.14528609203736	0.204035026184289	1	1
7.66824928113183	0.964540467215724	1	1
4.02384805279332	-6.98206693027054	1	1
0.297288053717850	7.56116689227560	1	1
5.23860330656016	-6.06832466800265	1	1
7.97333065077569	-1.17599061426601	1	1
1.22912681562769	8.07069849910999	1	1
7.72356960112684	-0.366232356751101	1	1
7.48550173971094	1.24257630383585	1	1
8.14170098398932	0.0438822029177504	1	1
7.49192981030980	-4.24855531048022	1	1
7.60058390896410	-0.264550071421013	1	1
5.48752037620820	-5.63291331233544	1	1
0.913290218253732	-7.89405408672438	1	1
5.05429739583496	-6.16653183463986	1	1
7.82873278467014	1.74653473688472	1	1
2.20800605284319	8.02994303580869	1	1
2.06607276879110	-7.81412256816544	1	1
7.34024024393498	3.33793366403107	1	1
5.54022741530336	-5.84773324886578	1	1
4.82382806739838	-6.76286519161210	1	1
4.19478289407477	-6.40465782711626	1	1
7.64987163479179	-2.30864430750759	1	1
6.80784867704178	4.22142391585215	1	1
6.04201821070635	-5.73410674923792	1	1
8.09256038513899	0.511252511828844	1	1
7.60782126813557	-0.754556104716338	1	1
8.09123576836246	0.292128084897776	1	1
7.43733376306586	1.39890394550490	1	1
4.10079855588583	7.24042503028165	1	1
6.20537068094469	5.19786408434203	1	1
3.37454608205233	-7.02462174140360	1	1
3.24706147337860	-7.45915579184267	1	1
8.28334525869951	0.161849406679928	1	1
7.18421288558523	-2.56785838815035	1	1
6.22596687562705	-4.95821279014956	1	1
3.80624846445125	7.24464376281764	1	1
7.33830810222290	-1.97654935702874	1	1
4.73461446337102	6.17801861658959	1	1
1.16221276755140	8.10374559567405	1	1
1.50649047823319	7.99047707996700	1	1
1.71498900778967	-8.00657703336846	1	1
7.58434391148986	-0.694352563860247	1	1
3.94446855114908	6.90097850938869	1	1
7.30433451523925	-3.90587588141703	1	1
8.12254831914322	-2.24710046576060	1	1
6.77125612857175	4.78106901428210	1	1
6.77295629278294	-4.38504678279525	1	1
7.73282242443318	2.11163459718437	1	1
5.07927761398681	6.16658357266042	1	1
5.08515142058566	5.43975985175447	1	1
7.63302809818367	2.69804721258145	1	1
1.29068629837013	7.54694712440728	1	1
7.06665832173187	3.92566653626116	1	1
7.99612074156449	-1.45979629824567	1	1
7.95703278031275	-1.39421614736266	1	1
1.39219562682504	7.97891850946472	1	1
7.90483063455955	-1.88420026679952	1	1
7.63355274500846	0.807037068139935	1	1
7.26114497633674	-4.09547327744608	1	1
4.69343589822253	-6.67518976894981	1	1
4.16636864372924	6.74968742410421	1	1
1.19079228244501	-8.17514575143095	1	1
7.70770753031346	-0.485155106283914	1	1
1.78544509066680	-7.91298171655046	1	1
7.30264083379077	-3.31943398842406	1	1
3.46014617115533	6.91839586197205	1	1
1.06858853910766	7.75761558356484	1	1
0.722054494112729	8.08340689341324	1	1
4.52543851032843	6.93063199112092	1	1
7.57427950581860	-0.931077341899800	1	1
3.27354843162844	7.60425038117584	1	1
1.68499215748029	8.02850440399919	1	1
8.25610336296845	-1.86698653567008	1	1
0.569915637205446	-7.63543649744489	1	1
3.67499952656800	7.17110098097420	1	1
3.63731637587115	7.11367314081313	1	1
4.32215316099181	6.80326130786979	1	1
2.35325979526283	7.59081769346409	1	1
6.13760076673070	-5.49103493923532	1	1
7.65513117713872	1.30239622676199	1	1
8.04977327678566	-0.0970916809475561	1	1
7.24636067077947	-2.52279969464543	1	1
3.23278973388678	-7.56417345195246	1	1
2.72168124524500	7.85505586389729	1	1
5.99327533096972	4.75871998528863	1	1
1.08355178004468	8.29476974611696	1	1
3.30879913624855	6.73048720658951	1	1
1.75037057060614	7.75942619220359	1	1
4.71853073628421	6.88597245378754	1	1
5.61963158788105	-5.77586095580118	1	1
2.05200092804033	-7.58004260668269	1	1
7.85832904872002	-0.346722590984874	1	1
3.74348099320445	-6.81942287399604	1	1
5.23306539878701	6.32294475698343	1	1
7.34002612796415	1.62175294539016	1	1
7.44187629665483	3.28064612689899	1	1
6.60805262040051	-4.26629672988781	1	1
1.18957240599250	-7.78902498930200	1	1
4.99401283937511	6.20607369719240	1	1
5.23985412877310	-5.35655315523808	1	1
7.78418843073469	-0.314474828186482	1	1
5.73638622718052	-6.22669264831027	1	1
2.45996958912305	-7.44427192040052	1	1
5.19950310587765	5.39411912348586	1	1
2.00288190479921	-7.91424215421629	1	1
0.628523166630357	8.37808832921554	1	1
7.50386277881379	-1.99174689664032	1	1
3.08543363971523	-7.08569824676688	1	1
3.53844121007466	6.60450221756897	1	1
7.39641641727384	1.73153755201353	1	1
6.59675457777770	3.84452157553648	1	1
8.07999296611540	-2.09042306943487	1	1
4.53563383561009	-6.91434226739832	1	1
7.26467699813981	2.44766398059214	1	1
7.59894657905260	-3.37567668896953	1	1
1.19286453464657	-7.95318532829363	1	1
4.55429853388505	-7.12725659873344	1	1
4.80000463214434	-6.81472715546183	1	1
1.01859360192029	-7.86226143329390	1	1
4.78957128608062	6.76035379074217	1	1
6.81734600716554	-4.16031936439160	1	1
5.56947135338483	-5.50967922377471	1	1
4.10595091264404	-6.86791137791432	1	1
6.92198899806153	-4.52746645001845	1	1
7.32074319262394	3.75097189225248	1	1
1.31757438472377	7.57981681625646	1	1
3.04849485385620	6.95215244387744	1	1
6.67205019866761	5.28022231645728	1	1
3.79683913813290	-6.98403226472837	1	1
1.98081390785457	-7.39677855122222	1	1
7.69512466333750	1.51388657413778	1	1
-0.180009697969677	-8.22586360901677	1	1
1.21212393397746	7.64859248230984	1	1
3.35127352025885	-7.66857578574763	1	1
7.56063574704170	-0.791375016605178	1	1
0.253973034752830	-7.77408774634352	1	1
2.75178187024807	-6.93490167495757	1	1
3.60640828496770	7.04580966038653	1	1
7.53390271517702	3.09994409466954	1	1
1.71399125676102	7.94967937212907	1	1
7.72173906126829	1.17568884555119	1	1
7.74818195280198	1.51423791703800	1	1
6.93822016442384	4.08680889899623	1	1
2.16068739386055	-8.09524984402760	1	1
7.83238586206495	0.0167492231259231	1	1
6.67226395439538	-4.64313670738821	1	1
6.71915762615909	-3.53746896987756	1	1
4.46767087733052	-6.71591995661306	1	1
5.68767127010558	5.98289096808541	1	1
5.48784594988042	-6.36209883951449	1	1
7.46132496219789	2.36464721655850	1	1
0.919647557525841	7.76486997498735	1	1
3.60281821132239	-7.28615588035392	1	1
0.729261086267815	-8.27137781607373	1	1
3.04537815211607	7.35977833983078	1	1
8.10480694488924	-0.368662695239583	1	1
5.80794910865396	-5.89842518742684	1	1
3.19090990485394	7.40019964657293	1	1
1.07714862180905	7.57013547121300	1	1
8.22074185042783	1.47315248387969	1	1
3.66403296840607	7.66110847300292	1	1
0.972222254917079	-8.12467790204825	1	1
1.14130779289852	-7.86048265374368	1	1
1.49485156709979	-8.20603846650616	1	1
-0.0631918179610168	-7.91407142522560	1	1
6.76800942021937	-4.54410195461552	1	1
6.89412804564856	-4.89719620247413	1	1
7.58411913509949	3.51023869861847	1	1
1.83704291266339	7.68232322062076	1	1
7.54870200575837	1.37062996340907	1	1
7.78256769653993	-1.33902002982853	1	1
8.01105550209359	-0.735543900345088	1	1
4.93666034418529	-6.49016531498384	1	1
7.93115636292736	-2.48079786415785	1	1
1.64099704259430	-7.85830408325196	1	1
7.15377307928298	-2.83188010765791	1	1
2.93382672149462	-6.98979368694664	1	1
3.18162306864597	6.96181117699259	1	1
4.51785940957721	-6.18751225579470	1	1
0.196787039939440	-7.84788130955880	1	1
4.83338318543242	5.55281426657451	1	1
1.79091563602697	-7.98942778530952	1	1
6.52637322082976	-4.34937264667736	1	1
6.03130803145768	-5.27016406299289	1	1
6.71007496783511	-4.15060956605671	1	1
5.25913483971555	-6.00757177674960	1	1
8.18271969324105	-0.613792517914357	1	1
6.05386973271020	-5.28278559742345	1	1
7.55323910073939	0.165793722580117	1	1
2.44013642578981	-7.63515393552622	1	1
3.48955049587149	7.75444335256498	1	1
3.35192848654304	-6.83723667969016	1	1
4.63037597036072	6.45265114803826	1	1
5.80181944111621	-5.64219713143788	1	1
7.62944554833798	1.13654327471312	1	1
7.79393278095677	-2.71896954829485	1	1
6.95612059424909	3.65537246626732	1	1
7.22855731669105	1.96391745769645	1	1
5.81376029871117	-5.69569621651351	1	1
0.972782914364158	-7.47254074353731	1	1
2.87200692505075	-7.53102992737120	1	1
7.31324425346882	-2.67129813960854	1	1
0.622662811705874	-7.55537266010193	1	1
7.51839296588870	-3.43232594083992	1	1
5.59682258134171	-5.95616023579002	1	1
2.09565951207273	-7.36938721018023	1	1
5.00497595762375	5.78063363875524	1	1
2.59855138158394	7.65400871470354	1	1
4.43836471460250	-6.90832867573671	1	1
8.05799146550460	1.99077749233472	1	1
6.10614046738879	-5.19154124055715	1	1
1.11552935673772	-7.82421722254078	1	1
6.58989944230190	4.55855489350900	1	1
6.99655575446339	4.82984188177797	1	1
7.46816156933921	-0.807394325290292	1	1
7.75186259360327	-1.00930914046606	1	1
6.99237662435805	-2.94625346885614	1	1
7.56665099447405	-2.36767070676655	1	1
3.68594422414029	6.60905239830321	1	1
8.20201395965142	2.19062519862588	1	1
6.96250926299895	2.88984277236294	1	1
1.71339643498348	8.10394445612182	1	1
5.80176037853193	6.33772972541435	1	1
0.263955270830640	-8.39528832367891	1	1
2.14688705670985	-7.88101097549771	1	1
4.74370452706326	-6.03430775461238	1	1
3.44203777148369	7.23142754816224	1	1
8.13325989103631	-1.26737429796567	1	1
1.57836403905950	7.41535784679025	1	1
7.25881546427304	-4.14058537515032	1	1
3.78406448433705	-6.71269983330864	1	1
2.12242900994409	-7.45041483048752	1	1
3.07821366638422	6.73627304322044	1	1
6.74700886231895	4.89004444269373	1	1
5.38276672533466	-6.46855645206091	1	1
8.05840164640229	0.351826389734488	1	1
7.42802222912776	-0.806841851702094	1	1
2.49418812368314	-6.93553877121031	1	1
0.783183597956380	-7.51929462584796	1	1
0.182706375669244	7.79029213331426	1	1
7.46643301848139	3.85588726412632	1	1
7.81360706460051	-1.16269603118080	1	1
-1.29973452112878	18.9115581329380	0	2
-5.36609752223418	14.7950187206469	0	2
-0.0302458213622376	0.453759562695442	0	2
-6.21577947932272	12.2580060546690	0	2
1.94932109232369	19.9199642939887	0	2
-1.84079168980716	19.2150011203556	0	2
-4.07695468998218	17.3716611562839	0	2
-5.50943842521499	15.5302366163645	0	2
-3.93730711297091	2.76493041005439	0	2
1.47065419545005	0.0393993761596896	0	2
-6.99870731593214	8.37529358772038	0	2
-0.125510494531287	0.916551176585521	0	2
-1.87434559064257	0.849664379268273	0	2
-6.59147332717429	7.44855618716780	0	2
-5.38873812118828	14.7463080548066	0	2
2.42715922801020	19.7801357773618	0	2
-4.63667746450529	3.97759638327972	0	2
-7.37129986169020	10.5111524739269	0	2
1.02077158448834	19.8393516434187	0	2
-1.78421862361917	1.76346739492134	0	2
-3.01145671268659	18.2791555811955	0	2
-0.177951721915644	0.0463935533175945	0	2
-0.888715508696333	19.2687048405238	0	2
-6.71042501097411	10.7142221932563	0	2
2.66578825783645	19.8219927773082	0	2
-3.73529626515678	17.4871560679611	0	2
-4.45147766552980	16.2413407250820	0	2
2.59235419326166	0.254577037162413	0	2
-2.65600509325131	1.88112579822510	0	2
-4.61220142898629	2.70285127517385	0	2
0.153391124032803	0.0873926078129674	0	2
-4.44231948727174	16.2680785473089	0	2
-1.80630277991608	18.2254652202694	0	2
-5.82170655645943	5.25098313226197	0	2
-1.36134906699854	0.953948682130722	0	2
-5.87018503579897	14.8404767861035	0	2
-2.47193601984939	18.8073289162749	0	2
-5.75014462029199	15.2445887620327	0	2
-1.67970148444868	0.779237355543152	0	2
-5.79502746295647	5.96223590336429	0	2
-5.79046529641932	15.4957524180019	0	2
-6.52175518321732	10.3430478110210	0	2
2.29497492291734	19.9708416449939	0	2
-4.60697875080231	3.67598625558136	0	2
-1.31449449528072	19.3334910551036	0	2
-6.00375224228921	6.53195439897016	0	2
-1.26482138346804	0.536542112532279	0	2
0.0425093935486007	0.156592309752545	0	2
-4.45816796367700	16.4916101420776	0	2
-6.48921529842801	5.64215431755475	0	2
-6.29486486563597	6.20323641644824	0	2
-5.03358173655524	4.16413033702549	0	2
-5.36532565601702	3.92788632193919	0	2
-4.49385854986514	2.66282956635803	0	2
-7.26072987171868	8.72814867516275	0	2
3.10779014763051	19.6407017582099	0	2
-5.95083979875726	6.47723095395607	0	2
1.18280348327035	20.3214453760899	0	2
-2.36531628673458	1.60117415994104	0	2
0.901314426914865	19.6736539083406	0	2
-4.24960952335056	17.5651934480337	0	2
-1.49213320118680	19.0279561823211	0	2
-6.71218939667341	13.4868563695566	0	2
-0.704078624141783	0.738109761104230	0	2
-7.17030315156591	8.99529129739361	0	2
-5.55052723604592	14.7396663400812	0	2
1.65906477689374	-0.0560898988994367	0	2
2.67894013572935	-0.245314150652321	0	2
-5.11604465376967	3.43882395661438	0	2
1.23528743426837	19.5122428966079	0	2
-6.71109151352135	10.6077905163095	0	2
-0.771730282898175	18.8618195902975	0	2
-6.24088102248775	6.23769781528036	0	2
-0.138885914055160	19.5816645611786	0	2
-6.94711625258492	11.4220648373437	0	2
0.113157398339841	19.8911793632801	0	2
0.160856298141524	0.845845465151148	0	2
-3.42743826721915	1.71222999164172	0	2
-4.89498309752214	16.3099654792603	0	2
-5.87131204995757	5.44649462243752	0	2
2.63727391700875	0.348281117968551	0	2
-6.82878647006088	6.08905740856377	0	2
-5.91465412744187	4.54695586283190	0	2
-6.52051051960618	7.01392275801040	0	2
-2.12489858688269	1.28031786232726	0	2
-2.90568531351670	1.79907811701476	0	2
-6.74339899510427	13.3064990665218	0	2
-6.63658498127154	13.2529275417248	0	2
-1.85676134625093	1.32953119483477	0	2
0.452490830335846	19.9542051987040	0	2
1.40691003688246	0.388265973672418	0	2
-2.57125100729850	1.65248651567347	0	2
-6.82502297491550	10.1426037859274	0	2
-3.47652757060264	17.0863149310925	0	2
-1.70096409101301	0.836881030378285	0	2
0.558914434905232	19.3344449243235	0	2
-6.78793879853559	7.95223680474257	0	2
1.65515349737912	0.0502248361780140	0	2
-5.23240133767806	15.2136841065633	0	2
-4.97670598517570	3.59142997217361	0	2
-3.22552409360694	17.9850060726911	0	2
1.49632422833659	19.6837579204484	0	2
-4.93556043348879	15.8169893664945	0	2
-7.19802514734838	10.2513294933113	0	2
0.248408128964117	0.108562482831445	0	2
-4.75486036905636	4.28807557105275	0	2
-6.76735264082633	11.6581336751074	0	2
2.22143833773319	0.0683404729619159	0	2
-5.10016838025049	4.12915637787629	0	2
-6.73620973494671	12.2975885856861	0	2
-2.51118206250265	1.29661103667636	0	2
-1.80935799655408	1.23782191677759	0	2
-5.06918326634985	15.4330017177503	0	2
-6.93993966627029	12.1934963070920	0	2
-6.90365788598063	12.0999152687960	0	2
1.96156185673601	20.2477041305152	0	2
-5.95284161987117	13.5674356561347	0	2
-5.87182941627215	5.19541799682772	0	2
-7.30141396595469	10.8489992890593	0	2
-0.633528841703890	18.7865911950520	0	2
2.84020530211212	19.8864186215599	0	2
-2.30321982459896	18.3254874403298	0	2
-5.83126505293895	5.00327865308040	0	2
-4.43413712773722	17.3126334586467	0	2
1.07251799392546	19.3611973788082	0	2
-5.57204033245440	15.0861563311882	0	2
-6.50700224854583	9.02125097510115	0	2
-4.83145753536487	3.81128097499186	0	2
-6.93297369647271	12.8598599325026	0	2
-6.11638163723428	5.57218197364014	0	2
1.94745742952625	19.6909321114619	0	2
-6.46758251844288	8.27495992174312	0	2
2.30877758874878	20.3101743736645	0	2
-5.32157005590338	15.1657420733429	0	2
-5.00657780489155	16.5265582348782	0	2
1.34561236101941	19.4723469960647	0	2
0.948805828766779	19.6307352973545	0	2
-2.40146881478595	18.8951116105813	0	2
-1.94213883115044	0.912156431461987	0	2
-1.74723545709701	18.4559917508185	0	2
-7.40062559079864	9.09210634727288	0	2
-4.91414802985040	4.05324801407304	0	2
-7.07169675051082	11.1712881868310	0	2
-2.27765066818860	18.4559538983592	0	2
-7.29534284117317	10.8034016067559	0	2
-4.11946872213553	3.18404059945624	0	2
-5.92998750962508	5.70468997291548	0	2
-2.20267220408696	1.25463639123346	0	2
-5.88580225930829	5.96691478283995	0	2
-2.56988859420668	1.29499207866900	0	2
-1.56354240704213	18.5036317877054	0	2
-6.48490899547696	6.11907555960314	0	2
2.30511349313810	-0.353283822298415	0	2
-5.18097261101264	4.74327392126470	0	2
-1.58267827970744	18.5083809562410	0	2
-4.52673294340644	3.60650940109638	0	2
-2.90040481259881	17.7113361260908	0	2
-6.51120301608317	11.1747009745975	0	2
-1.17579315646143	1.48502309069514	0	2
-7.01901227943069	10.9728080842725	0	2
-4.83266053315231	3.53344586925036	0	2
-4.61152885282938	16.2251926180389	0	2
-4.66372065258726	16.6081216004198	0	2
-7.04619046891468	8.16404196012527	0	2
-2.85309634802401	1.92800825944033	0	2
-1.11576614027760	0.898605361267084	0	2
-4.57649573982335	3.18775746085094	0	2
-6.39489803319334	14.3327489572753	0	2
-2.79064780752508	17.8640334785315	0	2
-5.90766934945089	14.8530944454113	0	2
-5.25558773328926	3.95815263973264	0	2
-1.03737712987227	0.946390621272682	0	2
-4.08696165066876	2.50008226580287	0	2
-5.20288610066879	15.9270478397492	0	2
0.648343758903363	0.733466640389947	0	2
-6.70300363027766	9.85045162182162	0	2
2.38264853312221	19.9515332403457	0	2
0.539298010738587	19.8306624136646	0	2
-6.44878141232502	11.9208568522394	0	2
-4.10925917333343	16.9923117774980	0	2
-4.41094522911797	17.0102656512604	0	2
-5.20881874118566	15.5609396948630	0	2
-5.05651911151580	15.2703319889038	0	2
-4.45255441014450	3.89879832444831	0	2
-6.18308834405517	13.0342458915615	0	2
-6.77732032047183	13.8553326318049	0	2
-2.84237120615162	18.1784553305855	0	2
2.55265375320405	0.357517648167688	0	2
-3.72703628457911	2.45741794193522	0	2
2.32464972929332	19.6151147738123	0	2
-2.41732107529359	18.2924334727303	0	2
-5.78196641064759	13.8845998562374	0	2
-5.11918087410786	15.8459244600159	0	2
-2.99818867956099	18.5206424801759	0	2
-4.52214968583357	3.33759100302025	0	2
-5.92556117170250	14.8246705726674	0	2
2.42018561479201	0.471788113918475	0	2
-7.13443229385156	11.2325123259637	0	2
-6.51230613004117	10.8892117195823	0	2
-1.09444088316205	18.7690424723300	0	2
-2.18026669699153	2.16634399566368	0	2
0.379325896883996	19.5403565773610	0	2
2.16466983927583	20.0738986828775	0	2
-5.39616302724510	4.75494484650116	0	2
-6.18624095940483	14.2162520231778	0	2
-7.39439740920608	10.5910683127481	0	2
-6.92537455294164	9.16732300760370	0	2
-5.59309017740279	5.55906687738286	0	2
-5.83403395045871	5.02471836256171	0	2
0.466827979478594	0.309530109016915	0	2
-6.06024527682746	6.38625065069600	0	2
-4.10566017881135	2.92165187468792	0	2
-7.02196315488858	9.83081985567000	0	2
-4.67633530486187	15.6202882122365	0	2
-1.58050450369385	0.455455451347719	0	2
-2.55377661442962	18.8841906417595	0	2
1.26389943035524	19.8809383139936	0	2
-2.26475820967963	18.9902477446097	0	2
-7.37809336335533	9.09289075348054	0	2
-5.61427982018444	14.5082674497843	0	2
-7.07306210708007	8.40437302570041	0	2
-6.62816364763258	7.17161887401439	0	2
1.97775568170833	-0.0155809525585990	0	2
1.20499300825546	19.8753949131594	0	2
1.27997238879278	0.431387250732618	0	2
-7.40955316620340	8.86224408298774	0	2
-6.34149197757191	6.08523691368433	0	2
-7.01264385259247	10.8093515642358	0	2
2.44965928039569	20.1380423003750	0	2
0.0797126299811493	19.5380722939542	0	2
2.81676703103130	-0.147943124873533	0	2
-3.72826358224528	17.9264671439390	0	2
-7.17834604435879	9.89496179348520	0	2
-6.08261351309691	6.81098442281638	0	2
-1.78507438531330	18.6474565496309	0	2
-0.512810531267141	19.5922389130392	0	2
3.24196550572709	20.2836281001772	0	2
-3.16864139581535	1.77463184641055	0	2
-1.18151493907041	19.6259746729067	0	2
-4.85818551997878	4.39681225741050	0	2
-6.53890629257077	7.03583169418015	0	2
-2.61643585412548	18.0018422536358	0	2
-5.97801638699371	5.87678228381731	0	2
-6.82997889795185	7.73771993680119	0	2
0.462752898130635	0.0923776943361077	0	2
-5.33678133054695	15.2004810122486	0	2
-4.18218498681654	16.7675006679921	0	2
-5.31860117387346	4.50495188183432	0	2
-5.48527824069437	4.97382979570414	0	2
-4.18063674611674	17.1888721421714	0	2
2.56150783917917	20.2558778747478	0	2
-4.83347755105689	15.3677907351022	0	2
0.357481924111087	-0.0465557261509044	0	2
-7.09550743480951	8.60092276610331	0	2
-6.35908969819401	14.5585673628193	0	2
-6.96092724545642	11.0977691676933	0	2
-1.41321867686858	1.04632021336755	0	2
-4.43402017343633	3.48076587051693	0	2
2.79243222141045	20.0285154506811	0	2
-2.64603426087414	17.8709052709632	0	2
0.576589170143505	19.7789269078899	0	2
-5.67489177306817	5.12282248540491	0	2
-3.51637022074364	1.87144241505283	0	2
-5.05032998155509	15.2985549333289	0	2
-6.09998567506528	5.95546962165897	0	2
-6.59707147117029	7.95040435249053	0	2
0.165117061561799	19.1663238461917	0	2
-2.03189146547521	18.1810851706915	0	2
-5.97559548037170	6.43038280743646	0	2
-4.35494057492628	17.0188102777806	0	2
-4.63297177121791	3.52719525187161	0	2
-5.36085197620649	4.29504613836847	0	2
-5.22205491790078	3.79754907858685	0	2
2.60441908748630	0.482561030703172	0	2
0.587864670022589	19.5190481391050	0	2
-5.14631798106692	15.9577108740708	0	2
-3.51557600635485	2.16867711668450	0	2
-7.06109963309939	10.2451071706461	0	2
-3.41072318827663	18.3246883006915	0	2
-6.27040130125565	6.52100738040299	0	2
-3.63105695038016	2.09498127940582	0	2
-4.57025901781828	16.7340891239935	0	2
-3.78563701043239	17.0848516802290	0	2
-5.06992377676686	16.1662685817634	0	2
-6.75134307961093	13.6799533627230	0	2
-4.04269645773913	17.1980905445941	0	2
-6.51307427221868	10.4555698046981	0	2
-5.85306462537167	5.33643600059041	0	2
2.54597405549902	-0.130247847787038	0	2
-6.52853380959396	12.7919103060757	0	2
-1.71131746224588	1.29240806961818	0	2
-3.10275619935866	1.92226624576253	0	2
-1.14325562242704	0.798417127131071	0	2
-7.04811839096685	9.79122052014716	0	2
2.03852009971481	-0.265162669561160	0	2
-6.98113084163977	8.89422148935525	0	2
2.00551756056737	0.183917481938783	0	2
-6.77686758889660	8.05228224231552	0	2
-2.10640733034539	1.71303835385654	0	2
-6.50594153336409	12.3650177292821	0	2
-2.79865469874672	18.4771977709873	0	2
0.391195739350180	0.450314897326733	0	2
-3.41170808694121	2.78432196477188	0	2
-3.67863236026551	3.11029387169623	0	2
-6.28718119908417	5.27642263780863	0	2
-6.83647794690347	6.80306887189734	0	2
-0.674710603848026	0.364693112950397	0	2
-6.18524608037975	7.59033770376464	0	2
-5.84726077065601	15.1955773468231	0	2
-6.86370824539710	11.2593506689218	0	2
-6.16013812637951	5.91459930418185	0	2
-6.14327422414870	14.9629378400585	0	2
-5.07575128092952	15.0170348103017	0	2
-1.12024390439816	1.04019434872556	0	2
-6.33700870553731	8.12481522024818	0	2
1.44850726027738	19.5246953733080	0	2
-7.16330270366064	12.2383183142956	0	2
-6.75162784904417	12.0817568671017	0	2
-3.88356559445096	17.2112233877891	0	2
-3.73890460025704	3.27491150588872	0	2
-5.32269383114090	15.2398780239664	0	2
-4.57324225490069	3.92592584153939	0	2
-6.90009423146414	12.4952255295173	0	2
-5.79286261512254	14.5139268950609	0	2
-6.61866794320651	7.31419823835286	0	2
-4.51655035349663	3.37839552031835	0	2
0.813159779823602	19.9602133413280	0	2
-6.70323932895578	8.34478506736972	0	2
-6.90807587902428	10.6509264614400	0	2
-5.64106818349823	13.9837661029424	0	2
-5.66043385916465	14.9396347684587	0	2
-7.30620815268131	8.38510729108687	0	2
-2.39438761674549	1.68684971049228	0	2
-5.08954985150848	15.5822412606592	0	2
0.572562485009128	19.8942410046491	0	2
-6.25826974613183	6.02282499240936	0	2
-6.07209272428839	14.5985900228472	0	2
-0.0424096297698720	19.4526915375718	0	2
-6.77659366977616	8.97177819509406	0	2
-6.18096124015430	14.0669981913011	0	2
-6.58153969920900	9.34129144458425	0	2
-0.269302075426425	0.789460605660276	0	2
-0.572434464480341	0.572534638393684	0	2
-0.634384847798930	0.328841897175350	0	2
-6.82561437695614	8.48493079669457	0	2
0.916436037321768	19.8221506961920	0	2
-6.38648203592009	13.9524875983028	0	2
1.12633140794178	19.5037500393691	0	2
0.917865667239583	0.000572768085241648	0	2
-5.48629738095764	4.66300902396191	0	2
1.50726200846874	19.4687612027064	0	2
2.73546219400973	0.126423925376752	0	2
-2.02033532258092	1.32841892342907	0	2
-3.66981178617913	16.6986018071897	0	2
-2.31961863837178	18.2097062799064	0	2
-6.45360696688888	12.9470902577163	0	2
-6.58689391366283	10.6386917821375	0	2
1.35008537404749	19.5213219352677	0	2
-4.58449164713770	16.9285538776876	0	2
-4.69304487614307	16.0249788650758	0	2
-4.33678094421485	16.7455313415462	0	2
-1.09751429362210	19.4856994100278	0	2
1.66453572112627	20.2607748509213	0	2
2.82687347813674	20.2457208554795	0	2
0.0129181281625899	19.8914692088519	0	2
-4.69805861145543	4.16973782637063	0	2
1.10850476171978	0.117711496948061	0	2
-1.93064390976803	18.0174807335922	0	2
-2.32870669753765	1.26085119649019	0	2
2.25117827292619	0.318721520758349	0	2
-3.39026654668331	17.3326333560372	0	2
-6.54997825483646	11.7544713010389	0	2
-5.47546503100620	4.68273970401080	0	2
-6.86267323523261	12.6007006546551	0	2
-1.42948588591031	19.1511269431691	0	2
-6.31291610707912	14.0597505617631	0	2
-6.76323554709951	7.63208666970038	0	2
-6.46302889854936	11.7187728174287	0	2
-2.16755827706131	1.53229710282336	0	2
-4.16835875922867	2.91005629661650	0	2
-3.40409813483674	2.34832600675528	0	2
-4.77274283241641	3.24770838988846	0	2
1.38382919423204	20.3176378255016	0	2
-6.51457546710292	14.3791097424741	0	2
-2.22958435140149	19.0891310851427	0	2
-6.54764566380210	7.03119859810773	0	2
-2.14876187120361	1.67817097998145	0	2
-4.58494801575800	17.1468306583685	0	2
-1.00116304315533	19.1117253523083	0	2
-5.86475795884744	5.88370262253083	0	2
-2.00180844959456	1.47051251752752	0	2
3.32773248839248	19.9486191453740	0	2
2.06712733977990	20.0796682566647	0	2
-1.59035360678825	0.687108583727026	0	2
1.27286418561010	20.1034597581273	0	2
-7.18594116289262	7.30125308589176	0	2
-3.26677762027105	2.06980503968256	0	2
-1.61065268549989	0.879789637306573	0	2
-3.82242244328667	3.63971371487248	0	2
-6.79976792412931	11.6289306934946	0	2
0.668152479998756	-0.166934588612325	0	2
-6.39043371042843	12.8236234352710	0	2
1.80392010220229	0.323916496757665	0	2
-6.84549692005706	8.44654154040257	0	2
-5.20442590082600	5.35624067518772	0	2
1.69165634880786	19.7871578652264	0	2
-5.17787744620394	3.91329301071487	0	2
-7.01361497016382	7.84965923249702	0	2
-5.86200412498524	15.2623062730125	0	2
-6.74272623336282	6.26344979808792	0	2
-1.43021005967617	0.761896157248589	0	2
-0.244110198291996	0.832065863430943	0	2
-5.01063322132128	3.88884120490110	0	2
-2.27683780368366	18.5202403206875	0	2
-6.35705870656640	14.1161084932964	0	2
-3.03884857485130	2.20931059285196	0	2
2.21580965681162	19.8140647222115	0	2
-6.54084003148498	8.05745062006460	0	2
-2.43181258364923	18.7452222632222	0	2
-6.51026056355518	11.4022017362118	0	2
2.29875525961944	-0.0347833611404322	0	2
2.30034114184428	0.487075373039923	0	2
-3.21101668372784	17.7727615669863	0	2
-6.97561153179475	7.91898706088239	0	2
-4.38839802062880	3.85786459296987	0	2
-1.43573128066202	19.2618825825437	0	2
-6.06109063966522	14.4102898484952	0	2
-4.51562936856562	4.09659927734170	0	2
-5.88358406448082	14.8085270381913	0	2
-4.12880286363021	3.29156589238714	0	2
-1.79769419921342	1.50445690550647	0	2
-5.88035557131021	5.75207721839439	0	2
-6.91551358336137	10.9776540461686	0	2
0.693258493051419	19.7008337826353	0	2
-4.42958245762358	17.3451851983472	0	2
-1.38955491809986	1.40089556539861	0	2
3.00710448421406	0.0981719941104995	0	2
-1.33789658611467	0.848025296639101	0	2
0.584440746841480	19.1862625595789	0	2
-5.20704915400289	14.7209295619661	0	2
-0.694594473596170	0.824124306736332	0	2
1.33098510474497	19.5594576214681	0	2
-0.650744357309262	0.634891134603773	0	2
-7.00285400206737	9.71759230787298	0	2
-5.57038760479307	5.43729836282105	0	2
-6.64408984470756	8.77096133979127	0	2
0.884216766632978	0.133645272879523	0	2
-5.71843333916203	5.40807187358272	0	2
-4.67862073106289	3.38858776406799	0	2
-4.31770257319157	2.90270874065646	0	2
1.17623869185304	19.7319982290146	0	2
2.40113416499146	0.405115614448928	0	2
-0.211974453267163	19.5031296845321	0	2
-5.79347731025928	6.08213426569143	0	2
-5.79425460253799	15.3333372050874	0	2
1.47353201591431	20.2580713270885	0	2
0.569674913327998	0.543545115242099	0	2
-5.78745395546756	15.5409574093132	0	2
-6.73882468138651	7.45188488016073	0	2
-0.608772543708322	0.253043270708776	0	2
-6.91848314447415	9.63636325426467	0	2
-7.12990862543720	9.09794905688230	0	2
-0.737714801553853	19.6198246408383	0	2
-5.66833737155835	14.5567399822507	0	2
-5.15285658598127	3.42390370379039	0	2
-5.79082851211101	14.8971082759678	0	2
-5.59179580168673	14.8544836432377	0	2
-0.531087118162385	19.5628901325543	0	2
-0.454872271104231	19.3636725949372	0	2
-5.50537686114711	5.01461670126353	0	2
-6.61571589349482	7.39832403542026	0	2
-3.15163423637898	17.6607559142393	0	2
0.575937231470256	19.8271426292359	0	2
-0.590881002487397	19.4461050104926	0	2
-6.74834921182673	9.49662165622674	0	2
-6.87352740961746	12.4431252081062	0	2
0.725742768465826	19.2870182195661	0	2
-1.74648557091462	1.19471295552728	0	2
-5.92049307949348	6.00589710668394	0	2
-3.99142099549794	3.25837225614165	0	2
-2.07229846248019	19.0872276604669	0	2
1.28014999353339	0.148978373000791	0	2
-4.59834786534642	3.41942750658344	0	2
-6.70752765463869	11.5675543315829	0	2
-6.08437040401739	14.0890873925810	0	2
-6.36546750159940	7.55062551258999	0	2
-4.50031558950837	2.86296819873811	0	2
-6.29158807497007	7.41838866895230	0	2
-6.62442708677996	6.49450359383121	0	2
0.215159456358810	0.666160064996319	0	2
-0.851319449398520	1.15218483594498	0	2
-6.56923097565042	12.9370344637767	0	2
-5.35901028845115	14.8143519187790	0	2
-2.06225513253794	19.1389360498805	0	2
-7.19008294246215	9.95290581020602	0	2
-5.64825408906938	4.77606487077432	0	2
-1.64604755404824	1.34035669159755	0	2
1.28650919826196	0.220534767100098	0	2
-3.73967427554701	2.15169169967893	0	2
-6.48586966036082	6.27858761224940	0	2
-6.82750330945671	12.1472544751005	0	2
-7.10351082848971	12.0790614521416	0	2
-2.95272867738978	18.0952398321232	0	2
-6.85962141562360	12.8000566739681	0	2
-0.582982783566579	0.321374408279585	0	2
-6.41361076248210	14.6432365277353	0	2
0.925757473018826	0.0546725213963164	0	2
-6.14343479797631	5.57835714116415	0	2
-4.80328274086899	3.79105518272519	0	2
-3.93818771035751	17.3735215445479	0	2
0.563627799859409	0.363912186494350	0	2
-3.45652794667199	16.7554283642210	0	2
-3.88537928415639	3.08100864618657	0	2
-3.36723591939606	2.24305668073663	0	2
2.22018899414234	0.146112225077573	0	2
-1.08396382567548	1.07202795639286	0	2
-2.71251615305526	2.04324301749111	0	2
-3.58945149319768	2.27242951978453	0	2
0.540720564368587	19.1449345516692	0	2
-4.30237962855483	3.71509761455249	0	2
0.279046972785574	0.849186106306247	0	2
-3.58315348173673	18.0062469085519	0	2
-5.50440985018470	15.3675471750124	0	2
-5.90535953738646	13.1531449034464	0	2
-6.15362040674782	5.15756918592784	0	2
-5.12801459884546	15.4702618697664	0	2
-3.98513403975207	2.40917920515598	0	2
-5.61551002514060	4.28079483436933	0	2
-6.18834701442021	5.87968194572043	0	2
-3.33921128692084	2.63184540957038	0	2
-5.88764632795979	14.9547059592502	0	2
-3.97431246703595	16.9386485498655	0	2
3.09436999623379	-0.0938308275295476	0	2
-5.52711485076454	5.65765368794177	0	2
-3.66860511290843	2.55112573767043	0	2
1.07924937982706	19.9815047192712	0	2
-4.27484754718097	17.5690674911516	0	2
-6.20614468758386	6.10980207020016	0	2
-5.59587540496271	15.0418343412157	0	2
-5.30424967192463	16.0666054115146	0	2
-6.87008291709183	12.4479300214141	0	2
1.39850061428105	19.5277057016746	0	2
-3.15228940139671	17.3942563952931	0	2
-6.63193472815556	10.9520248482487	0	2
0.512604516463183	0.675013159286262	0	2
-0.592288348386890	18.9184560183708	0	2
-4.27807888134683	2.75024465564107	0	2
-7.07843859941122	8.51366952655388	0	2
-5.71816439054823	4.65403151190397	0	2
-3.86903120743045	17.2461671212428	0	2
-2.46774942113276	17.7912948986564	0	2
-3.06325329815492	17.7181672618637	0	2
-1.26257516351042	19.7341083532081	0	2
0.643233170430797	0.146139221901297	0	2
-5.96830383783009	15.0675677974763	0	2
-7.38084332955733	9.98489401136749	0	2
-5.26550020442827	4.57626076997398	0	2
-6.59331247677178	12.3994768939906	0	2
-6.17621923025595	5.03757769986807	0	2
-3.28100385917964	2.19081415727457	0	2
-4.65209919502124	3.42666387610417	0	2
-0.0832657428259358	0.660000615390006	0	2
-1.60250709251425	1.25434734782564	0	2
-5.30692114786192	4.62069802310645	0	2
-6.61430814793890	13.1368592086436	0	2
-1.16532733395140	0.728002904774552	0	2
0.808455723258378	0.0222344524340841	0	2
2.42156664901064	-0.282502655035861	0	2
-3.84845728133485	17.9059381304950	0	2
-4.94180078919051	15.7715159827043	0	2
-1.10811031699460	1.15232107879622	0	2
-4.31498727478914	16.2377763846010	0	2
-2.21940618547111	1.17520168555363	0	2
-0.708122826674746	0.829052409512020	0	2
-4.94019647535244	15.8661745712769	0	2
-1.02367775813387	1.35807858857464	0	2
1.10008966516104	0.157795947575542	0	2
-1.33527027966145	0.598045532589685	0	2
2.99880045326429	-0.251258890836320	0	2
-2.27404202698896	1.27931164027809	0	2
1.05970701380996	-0.0484035454080995	0	2
1.59839042641021	0.116388777892256	0	2
-5.50359828978123	4.47955431639764	0	2
-7.07716303445383	10.8612856329023	0	2
-6.81853392808455	6.65536367877266	0	2
2.89507696168300	20.2912456694191	0	2
-7.30443897320091	8.49583725561163	0	2
-1.34011814898011	0.842904166825036	0	2
-3.61197883844696	17.7086942205211	0	2
-4.36114446270893	16.6464551329046	0	2
0.501921230872819	0.769948646520536	0	2
-6.73607926190738	9.13309121009117	0	2
-5.13948918123062	3.88402338524859	0	2
-6.88614443931308	6.75963009913500	0	2
-6.33703202734402	7.41391268691905	0	2
-0.804430307317854	19.3418911999810	0	2
-5.26044042639101	16.1882191530969	0	2
2.09265611642653	0.407850253077900	0	2
1.73471273693433	-0.127784104616529	0	2
-3.70190373426722	2.92718906347063	0	2
-6.46041610460621	12.6718671506547	0	2
0.863718315105402	19.8390125482420	0	2
-5.63183902676204	5.07553152056950	0	2
-7.11025579330869	8.53811161509456	0	2
-0.320105508053148	0.913663393616870	0	2
-5.29372706502149	15.9715797159902	0	2
-4.37529438352941	16.1119482062244	0	2
-3.18965257542081	17.7909623061206	0	2
0.980665636909798	19.4822860703910	0	2
1.84765040183125	-0.0141929199314959	0	2
-2.69290554986969	18.4161442423116	0	2
-7.25463024828791	9.42844881730852	0	2
-4.40683647622993	3.97518377746580	0	2
1.77127517819114	0.282926485447097	0	2
-3.15168014896249	17.6226259386311	0	2
0.0313340781015485	19.2290432280519	0	2
-3.05166748464978	17.9694269422368	0	2
-1.89276947983507	18.4283964724814	0	2
-5.60332575532654	5.63928063261780	0	2
-2.71941771643143	1.53320878247168	0	2
-5.80711042444260	6.69464338596481	0	2
-4.32407853974916	3.17715933358508	0	2
2.40261131228365	-0.293105369402779	0	2
-5.10955868513081	3.92266866035789	0	2
-3.66126520793576	2.27205582020886	0	2
-2.73424425209679	2.14122453368765	0	2
-5.81506545028525	5.33219723012253	0	2
-6.98224666952408	11.4742122268985	0	2
-0.429383588674834	0.860720949024330	0	2
-2.32220083872022	1.27909750430975	0	2
-6.72239757546821	9.79886022189925	0	2
-6.18323399798506	6.71145082478652	0	2
-3.99106380072069	16.5305728126928	0	2
-4.77698673951849	4.58996092122124	0	2
-2.87851386384411	18.2386234807934	0	2
0.279341833086566	19.4575129821040	0	2
-3.74902120044007	17.4961119037378	0	2
-6.11583491441660	5.36982558054753	0	2
-4.85587501955055	16.2970320357364	0	2
1.72804003932303	-0.393687886672584	0	2
-6.27193571715178	13.0937811964037	0	2
-0.200238148533306	0.124723800169861	0	2
0.980986424439753	-0.209920243472977	0	2
0.972074151132036	-0.00403552803923191	0	2
1.91558442241356	-0.335266967313851	0	2
2.04278384336763	19.5383840252536	0	2
-7.37529789183092	10.5293622824710	0	2
-4.08641082077712	17.5433557459001	0	2
-7.05247737522146	13.2049553775127	0	2
-4.35842016289517	16.8114737492296	0	2
-5.23876994522199	5.03323649118718	0	2
-1.18069163603533	18.9453791760335	0	2
-6.91954275168501	9.98845077906603	0	2
-0.397440514520723	0.764580876164608	0	2
-2.91417519342602	17.8151288449305	0	2
-6.14162444763872	14.6349280745649	0	2
-5.87209331160670	5.92298890454678	0	2
-4.58606440770879	16.5910598303203	0	2
-7.17408868011134	7.92288101163547	0	2
1.33683345403032	-0.177851818518782	0	2
-6.52622497907362	12.4499946360977	0	2
-4.67304763751848	3.99637090466640	0	2
-6.68870612167573	7.48215543857370	0	2
-6.28280484969033	12.6365664757980	0	2
-5.24535417737699	4.97034756334902	0	2
-1.90216019430411	1.12151746574184	0	2
2.53354620481442	20.3057210984213	0	2
-0.0561127625521123	0.737032575060306	0	2
-5.91684328561889	4.58748960829921	0	2
1.98367077972983	-0.276346525964327	0	2
0.716442345040206	19.9473732881506	0	2
-6.20909173489291	6.24209131917184	0	2
2.95892139624451	19.7606883276528	0	2
-6.69452184956806	11.0787504864591	0	2
-6.59540922811794	12.4644184584911	0	2
-2.49595405268643	1.97056163826043	0	2
-3.24268358612570	2.63836901103106	0	2
-7.42126829225343	9.33291227062184	0	2
-3.69837645166104	1.90894501313121	0	2
1.23979168554890	20.0265058790069	0	2
-5.11542604335307	3.37563502653330	0	2
1.30897999165546	20.2526526166200	0	2
-2.85680802716438	18.4821403609497	0	2
-5.92758594814475	5.11299059913700	0	2
2.76897848526452	-0.172720471478492	0	2
-6.23836989406628	5.01547726631296	0	2
-6.51994446580193	6.09419910297875	0	2
0.545529820455105	0.631820015810170	0	2
1.55641280637850	19.8024150666968	0	2
-2.41684689796940	1.93136033678606	0	2
-2.39413490314513	0.863105952639341	0	2
-6.67098014100517	9.94009231861514	0	2
-6.49755557771259	9.93376591993335	0	2
1.01135117500136	-0.105697290647951	0	2
-6.49039481250039	5.64886583069330	0	2
-6.48366209466716	12.7274282144767	0	2
3.23676235054229	20.3680282806061	0	2
-6.92118586267232	8.31662456933820	0	2
-5.06384933164773	15.4590264144155	0	2
2.05458568888891	0.482838002334352	0	2
-1.99146718738797	1.08245480327320	0	2
-0.223025872670004	19.1825812006999	0	2
1.15425379505886	-0.342448826713518	0	2
2.37091506385278	0.0821443540628053	0	2
-6.48605619436814	12.7479801619744	0	2
-5.27330155126766	5.17119429270357	0	2
-2.94775132223276	2.58502661545164	0	2
-0.0665041882757094	19.7498504961401	0	2
-5.19021636039463	14.9642055016245	0	2
-6.47342049304665	6.41077764462861	0	2
-6.66374843895740	6.66589814207653	0	2
-2.68300185025564	2.16121434872347	0	2
-3.57594154705923	2.68692132992906	0	2
-0.189385365015482	19.7470849074875	0	2
0.487449352851618	20.1352878081536	0	2
-2.97849776930238	17.3763274941548	0	2
-4.24527412364123	3.18077422178213	0	2
-6.18752519034992	12.2133738489766	0	2
-3.27524049727842	2.05039419595268	0	2
-0.619569655135532	0.846208308259273	0	2
-5.56667612228816	15.7093924137757	0	2
0.676000876154147	20.0770373073097	0	2
-4.25780030681554	16.8663540352214	0	2
-1.96500674404403	18.6384033013505	0	2
-3.99196960210119	2.25734623110886	0	2
-6.39039139550862	6.24503557129832	0	2
-6.71365354213464	7.29613276051807	0	2
1.22478868328717	19.8113310452830	0	2
-0.133917544883288	0.232677889233036	0	2
-6.96387283318174	11.4054025096144	0	2
-6.29933679530787	14.1876948543327	0	2
-4.68090536424917	3.70052936613554	0	2
-2.47501003119749	2.22523741119905	0	2
-6.30380134348667	6.85342339698212	0	2
-6.22797947340203	6.31463157497916	0	2
-1.97593496823168	1.66964491317642	0	2
0.0346897951044207	19.5240721812360	0	2
-7.19335721758609	8.40577538663606	0	2
-5.63017645839791	14.6424938086284	0	2
-3.61419579797408	2.23518662197559	0	2
-6.74442873780393	9.10345288905242	0	2
0.989247828921973	0.355184310915163	0	2
-7.10678848617266	9.79590800437806	0	2
-4.77180323869641	3.36026838247551	0	2
-4.93576902770638	14.9896599041889	0	2
-4.20661049227644	16.8656611461880	0	2
-6.82590712032234	6.31493990329014	0	2
-6.83949869187641	12.2504601688971	0	2
-4.48710494177618	16.7429966986748	0	2
-6.69000305902298	13.8938651114546	0	2