5.63786710323458	4.27040827033449	-1.90732698055070
5.99863496065618	3.40996312302174	12.2901259594955
2.89144479053879	6.90400192171191	-4.37190782907026
6.33349810000047	2.79865628368772	12.0959346492543
6.23239653592076	3.61999737209522	-9.73258627989768
-2.53137579420423	1.31551958554084	7.84993634010194
-2.24554795772888	2.14919622004479	7.81670415674322
1.30444504067523	1.57810486762052	7.56781120429591
9.06367224991355	0.152323441314583	-7.74155176575124
-2.51343491614015	6.86686516797085	7.75907413445636
2.05409117458186	0.243587132612000	-4.69248828735310
4.18307224126782	3.97200725352665	13.1971898433779
11.8976548587567	2.65720199539532	5.24202060765667
-9.01152376381829	8.63175239681725	-3.84164891870710
-4.55914005891821	5.74074605897800	7.00598410034320
-6.13139089730376	0.140472268503705	-8.45542736026221
0.00518468420807164	9.33384970179074	14.1744988375789
12.4637140340657	3.71688442504480	-1.17301057752857
0.230443223190868	4.37721544784524	14.1228922490478
5.31129498788070	1.69421157528826	-2.43292498543991
2.65515880465901	3.81323024246379	13.7829843247381
-4.43622185087660	9.94177027657250	-9.58700746264305
-7.10359228000645	10.3855058807664	-7.37517050561527
6.12620525364949	5.70839187126897	2.58990964023731
12.3032454904835	0.512146102896075	3.74034640158202
9.49481924107050	1.78983285082851	-7.14093295793639
10.8285293395056	8.29028866858005	-5.33381462686651
-9.52000005529302	0.842314684153180	-1.04909787021147
0.863937465368496	10.0988545280051	-4.84408400263677
3.50880872996318	8.09233283427940	-4.12097893193811
12.5193533601113	1.90921872255724	-0.0455151731921991
-9.25849303403529	9.08762423592284	1.01432751608813
-0.799658548259368	1.85962050946749	7.94100913831544
-5.42294873125831	4.19624643713982	-8.92879280639675
-2.80360191283163	5.61519459578187	7.64877560417343
12.3184007787619	3.30734679863238	-1.67402841043770
11.8883431292465	0.843144983332659	-3.26521710239303
0.442622379296184	5.41938234980980	14.0938874188557
12.0406463309661	2.66802420715488	5.31009669020252
1.56518073224581	4.68981717107487	13.9819630283734
-8.04324858854528	10.6798690906391	-6.06982573958112
-8.47612164332552	2.43618101271145	-5.36677347896225
11.9774603781179	2.65850283674650	5.16607802053900
6.14745189933230	5.80644361477660	12.2222157473860
8.34126056538317	2.04949443747826	-8.33557665619046
-0.549434913027756	5.22950890302023	-11.0128949256146
-2.15328100523489	5.28873073892418	7.78368855227152
5.01380707559615	5.82675253056248	-2.80686729235165
6.21366477065655	9.60606042928653	-0.551178736636475
12.0268232208692	7.09766276135367	-2.83956600436212
12.3012544549717	4.62658341312027	-1.72382449283201
12.6711730488335	0.759051670261908	-0.0669038876294339
-5.62802252199247	6.48516253374148	-8.80554101300676
5.49636523897390	4.15086026799444	-2.09777841346408
12.4918405256649	10.4511290204040	-1.14252114252647
10.1660829924486	6.27688513046507	8.57499940853059
-6.64120289182885	3.18338855213153	5.77345841026584
10.0423487382728	6.50135864755714	8.82587791029599
3.51713815888914	10.1267501847780	6.39262339352692
9.10707955370289	9.43879107599721	-7.55764330732746
5.46488849114485	3.81733220059213	4.20245050909792
-5.23083451029938	1.97122052302019	6.64041637971773
-9.48588100767728	8.61108269557101	-0.151230586833909
5.86204841678971	5.47571450855184	3.52194485843492
2.13284910336860	2.88688271133929	-4.60036638794999
-4.01394411472917	3.15958864746260	-9.84128410153191
8.04541168145518	0.520569064852858	10.7286394435083
-3.17281437677756	0.736545422310438	7.60003888419856
-9.35966858757804	0.436918870713142	-2.09538227337035
8.27481940333833	8.43819513316102	-8.39974707967919
0.216638207105296	10.3874695957952	-4.64747824484416
12.4033564659061	9.28322757058297	3.03559015995745
-0.809851030544211	1.84041289789034	7.93396207921157
6.20920848208639	9.51405314987610	-0.411339357689977
11.3737019557285	4.59959794926530	-4.43560634386279
9.13558291296379	4.26008843347444	-7.55747622002144
12.1697539600298	10.7585769409344	-2.65156589847114
4.37404148174018	3.86450414285526	-3.45576612212992
2.54536150376105	3.49250103000653	7.11254608436882
11.9703277617119	5.14799550394172	-2.98154423020911
6.39570337327025	10.3187081278868	1.90843298784464
5.39922351500319	2.98961254555326	-2.22698551143922
2.57553605203871	9.19367540080664	7.13074375535883
3.04060863727134	10.3508094941620	13.5658169241082
4.20589964050445	4.64465740160403	-3.53593462070145
9.79498342691518	4.68678577106779	8.98405964137872
-6.57521995515682	9.39773612292586	5.75947318794999
1.43138597394974	8.48311801825012	-11.0748077063319
12.3931356953881	4.19103151946831	3.52599699173079
-8.03339182581907	8.10753841966922	3.86389397947527
2.80681968704500	5.71642529174652	-4.43863854827573
5.77880857538779	0.0694445688515719	3.89884525770272
-2.16172636656964	6.57034431504387	-10.4264004686811
0.167909155945049	9.67132043977529	-11.0764044388435
-9.04317513969138	7.22501926857259	1.62420313148196
3.68412753809353	0.586949624460353	-4.05684605499125
-9.12666426347173	7.37128721889383	1.67351553705842
6.29123345226787	8.27963054227204	0.111384094563319
4.72708926121281	0.0315144116581022	5.53715015184822
5.45189784855870	8.32270621988912	-2.26002684656137
-8.59840319590749	0.295903092024997	-5.15702583798784
4.71105111984060	10.2220110464093	5.37722716699303
1.87803323665371	5.55845829431076	7.37977958707609
4.22128421884225	10.4847626960829	-10.5203720300806
3.34751174991734	3.23729604778511	-4.30181702341124
6.39579839621832	3.57095174866942	0.781758027616593
-5.33246214273547	8.07005138516879	-9.06085150881208
0.684979035463521	10.9547042215056	-4.76984630220879
-5.27745375113084	7.44357613441789	6.71639303460641
11.1019439550866	7.18848271719990	7.24767165649152
5.80922378313444	2.69878304364680	-1.61729223495134
-9.49695364892933	6.80618752001069	-2.42888818885573
7.17319800568280	1.25094845436321	-9.11617859116748
1.27589816508831	8.10828267874071	-4.90343788306963
-4.04294861372941	8.74231892967443	-9.82787135118727
-1.18321515297186	9.14251268970078	-10.8397637676262
4.57849114138451	0.475192195457622	-3.28157464105237
6.27207010179677	7.43136321565950	1.12297798402936
1.38946016517581	5.74329361738645	7.58176222725590
5.56288166356448	9.12473023005589	-2.13764831167365
7.85386910685696	9.97837146990043	11.0180657934877
-1.26730162628609	3.97952014606780	7.84242510412535
-9.25506345666257	7.48133151444208	1.38300029146113
5.67885062825028	0.325308375112703	-2.00235478559109
7.81467657404174	3.15874192235452	10.9669489552716
-6.86309459873418	3.40965335058482	-7.60808704049875
9.48051008978144	3.93130154742025	9.32681980895563
-5.50283583711899	8.01028744002557	6.61755241190169
-8.36738881853024	5.07780786242075	-5.35064848883215
0.188297156753391	5.41761530617612	7.87233077581038
0.807450012130096	4.47043213575859	-11.0523551565428
11.5791134101538	4.10256070069922	6.17694941984647
3.62091132205270	9.84258211835900	-4.14617212526465
9.24172352875743	10.0430018035891	9.70037355496056
11.9030372630250	6.84044096442577	-2.79334990673519
-9.40701384136138	10.0215567971365	-0.315692726862479
4.37566655047104	5.20896013093930	5.66630787845320
4.29549598221082	8.08555589796300	-3.55769186919647
5.86911627737659	7.63530466721734	12.4168241435169
-0.725451445301442	8.99592383052555	7.95926583622213
-9.42660026799266	5.24378061492328	-0.391892074490384
12.5562776894692	10.7354964659326	1.85541908567548
11.9065552066422	4.35403633496802	5.23817420280631
-1.21257556579591	7.70456001868523	7.90753689342379
6.18287811827477	5.88766081666293	-0.529406438976035
2.61125224382716	3.93692069935311	-4.52263541610789
2.73898824363262	9.46517744156601	-10.7949186986578
0.723998148462540	3.77316078758023	-4.79098701372726
2.15463804578145	4.67382486953837	-10.9263856892833
1.32016263257639	9.24335579364849	-4.82167948390100
11.9603896130442	2.25500917393175	-2.98101387747369
1.10976506857865	1.44170910292619	-11.1278928337386
-7.90387665062406	5.48819806869225	4.11315473034415
-8.94551464347745	8.51342336792062	1.88004252689840
8.75623764914418	7.21925555253627	-7.88734968521402
10.8490006690463	9.31880109696694	7.37841744580341
1.76479255260914	7.43071716361546	-4.77815475041304
-2.83280765781540	1.42172963391668	7.63576468924749
6.27868159338110	1.10978776893300	-0.143588953104076
-3.84726079533234	4.13055538218784	-9.89852435291581
11.6926362361815	2.64215786490559	-3.75831883151635
5.40034723145761	5.65771331349721	-2.46410340534243
-5.97876336502980	10.5422173684599	-8.46148773812025
7.43675054850823	7.87608571662224	-9.01335028115661
-4.65184133023469	8.89162763685014	6.95571367221304
6.36942333574801	6.82325247637974	0.375428880450205
6.06149694555637	8.57574551039947	2.92328954922677
6.21097386851513	0.373369990439468	-0.345632247711505
11.9370446896692	1.56083165724644	-3.17811072322611
-9.47448758677736	7.86897494173094	-0.921361622155669
4.36420780874723	5.23837540272051	13.1225361984944
6.97329458779528	3.92668389747365	-9.28397587071826
6.24623769729938	8.29998852412708	1.54400462745479
0.332364511493678	5.31492002340420	-4.72116164237131
7.90246040942125	-0.0140064514390682	-8.72391828694055
-6.80101652481523	7.63923974306677	-7.67146060465623
4.84593164724518	1.32862322729271	-2.98655945504401
3.45113838688493	7.94207768544274	6.54667661363872
6.35053911639154	6.84857184793482	1.27879666048856
3.78707029891503	6.87354912806461	6.17320375387537
0.377532406046837	7.31174830661437	14.1847780275742
6.14721579710953	6.26102731881219	-0.675648405397984
3.06470921958911	7.68483749373972	6.79498959553519
-9.44050338782377	1.61740068687420	-1.63821545160644
9.49954293543132	0.447752863090129	9.53839962600936
3.64748211740796	2.20834569916142	6.43047258499559
2.71560659680839	0.122891827341294	13.7598748379365
1.00645748638324	0.709343105888599	-4.75781164477626
-8.66793706132249	6.34362279389881	2.74014589501050
-1.28359537566275	2.83002636273158	-10.8020914465428
6.58614498002844	9.58438569476839	-9.44746906879321
11.7940453905827	0.671858804038838	-3.55334852498505
5.84787302665047	10.4928260522728	3.47414788199165
-1.57842873655065	0.167361320804548	-10.7664312823720
-1.96361436169336	4.03417603742645	-10.6811847190627
-9.52734212492165	7.60438379158142	-1.25315129670773
12.2014813758026	8.21744162558707	-2.21881639362461
12.2274163016503	10.0921615257096	-1.59617518861457
12.6721742828825	5.99646624486148	0.849281970323421
-4.72487372877677	4.86038412911753	-9.45891318839140
8.56616429411334	4.08537150558209	10.3061102952540
-7.58509394546535	8.28912928696842	4.53003555390125
4.14440871085238	8.89579834802180	-3.67023614843554
-7.88939824271986	7.14432944049827	-6.28653801966219
6.05447525919117	9.74974674191509	-0.821082871788510
12.5962919042217	5.54277108355218	-0.954899301156761
-7.24844152516945	1.52226403754039	4.94049449794958
-0.568531527053636	10.7248502637931	-10.9829334434845
9.42984003000191	0.874461093946784	-7.21177498552176
-2.73672196959733	10.3512149513099	-10.4432504015825
5.14184258236454	6.40164268554213	-2.80017208594136
-2.12173068689213	2.57447170123877	-10.5978717665462
6.01437872754206	6.26114282827957	-0.663016089675777
11.6914050836526	1.00080270272335	-3.57957438035789
-8.91259676294844	1.33847932092770	-4.31254365741457
-3.39841292615859	1.57200353310352	7.57549946824481
-7.28626053424616	1.87463770370978	-7.22740761332405
4.93065791945210	3.14698759854175	-2.98453223767629
12.6344187747858	5.36736822970664	0.583271732888416
-3.88962755718753	9.39417958165607	7.37959596697943
-4.87680714017727	4.13703270436372	6.98164687079084
-3.18629539511648	10.7097836861235	-10.1421702690007
6.23631277847194	5.44715395291031	-0.495693958849855
12.5747923566295	10.4020151012504	2.33671505036671
6.38277568865002	10.1456757622082	0.964111930823624
12.5284481240051	1.13877989468439	0.0505005096693238
-7.28692997372245	9.02842529057583	-7.10605657847203
6.17193391984437	4.00687766236646	-0.573820404457227
12.3224977239785	7.20975065654190	-1.41306628093643
4.97582904257968	0.00997124118822036	-2.91276298932567
-9.10735391282869	9.02039830388003	-3.90531834548869
2.25247313835141	6.14079168229025	7.21935342049625
8.97945669111421	3.62569736277360	-7.70737289926010
12.6621111572586	5.57295346046810	0.833187081923550
0.820819992414988	0.839740356706921	-4.88459172607358
4.93515438967508	1.71080635870473	12.8085579217951
11.0376821174624	3.55750170798831	-4.97648817853442
4.55097771923842	1.10489268636925	5.65960715986180
-4.84623949689725	9.10229745148670	6.89283917594229
-3.43760704161235	10.3654004910326	7.57051905384157
5.36617936144125	1.90355915327623	-2.54419761685023
4.22028013199866	0.485329576583680	-3.64691482689637
-4.27416453318661	3.91746571916927	-9.67066337714078
12.3234853538292	4.06103383920267	3.61835782677268
5.83722311601836	8.51340389191487	12.3530164992018
-8.32791436383648	8.44343552461320	-5.45134689517397
1.92823299150671	7.93668875898981	13.8742870340313
4.50530317444601	1.27044289690082	-10.4267783584601
-4.81288156423307	0.0453702672425854	7.02083088581623
-8.51236096976475	0.623077296336232	-5.08993353632523
-9.41977482602817	3.20711939148144	-0.633504379255891
-7.51523985083975	3.11485920291510	-6.88410683210635
4.93584031354107	4.56332121886473	-2.84572646727280
6.44918660788216	0.205229641663682	0.958222976244304
5.19719864709480	3.65353187892157	12.7156647999119
1.20666505086764	7.10279671893995	7.63728055358031
7.13249323633673	9.67053914653939	-9.24920945477265
-8.27261316845077	1.25487065061368	3.83682619145003
9.37185043370143	1.94395000169841	-7.27925294843953
-3.95749974524438	4.48236711525123	7.41148904814285
-0.414197906448438	7.96178383331721	-10.9662344430861
4.72511521409412	10.4514726732705	-10.4225401782495
6.30400433796612	6.13674674797786	0.906495098779236
-2.45067927831382	3.19182258793435	7.77636390864533
2.36253542994061	0.165997901783177	-4.62233902636410
4.43017567142890	8.11657677527496	-3.43418396096370
5.99601990677937	0.322499477602921	3.10618968936377
8.80295953987662	7.84950452792753	10.2460216655050
12.0184909571873	3.91768376642456	4.74198228263618
-0.871786128244601	10.8596271356074	7.93374484120647
3.88795763562567	0.718404230584114	-3.95296562716541
12.0306268144603	1.31475908998222	4.78696246823099
-5.85334905123781	2.66717373245018	-8.43754733537597
1.10215651651659	9.97361323667176	-4.77504123693729
0.178902184549471	10.4978669115645	-4.71580522771692
0.00337079375427988	9.46367810032790	14.1419619660644
5.64773998497120	5.95009754972539	3.93935306586153
-9.10621806371593	1.04011841602010	-3.89212880233369
-5.52302261484073	7.92188655050642	6.52847597994547
6.95683707602282	8.27320444164886	-9.23100768949728
1.34512659558343	6.15988653420496	7.61156591103536
11.3952846634609	2.16148869334992	-4.39743381147468
-3.26650327077677	3.25672989811568	-10.2314045510185
5.87693412302040	5.89374153146529	3.30462231655071
1.87096971034958	1.65569869591902	-4.66718140445393
-8.56658265362320	3.75774799559182	-5.03016315668900
-2.41188082746210	2.38070111256655	-10.4963749484909
5.52172909499782	0.712049650154086	4.24879197378919
12.4633580680652	2.00186366604770	-0.218101749768342
-8.49497064515573	1.94152776785160	2.99379954974826
1.01973991095243	2.49146610331238	-11.0466426519806
-1.66705270673699	1.04083722711023	7.89807233407761
-7.24003194277394	6.22285483300543	5.05024527491219
6.66046950970203	1.65919397960524	11.9519737532753
1.72139337647733	9.86687481665703	7.50955283435888
11.8122290233472	2.49506889713257	-3.26935883515456
4.25462219968216	3.24500562381518	-3.54745411517657
12.1147831774928	3.24617242920867	-2.47172457253537
5.69120796340101	0.209375037039355	-1.68769308640051
4.02656271847895	4.54141541543290	-3.72231817564730
4.76715239422856	7.88140281654684	5.18306570753169
8.65212040646213	9.79834016971811	10.1587345372061
9.17619047437109	2.60001737829156	-7.63065354215822
12.1462163297189	5.49685189566567	-2.08572681138335
-6.28510135754068	9.15139381945128	5.98347101706738
5.12737456265617	10.7616914229340	4.82650317934481
8.91903857904987	8.19066771162108	-7.80474915788715
-8.42183368379164	5.11902137115288	-5.29861380080597
-3.88199089066823	8.69704834880477	7.38095396170866
-8.50806840504699	2.85031788203133	3.02261222298384
-9.42125204361823	6.16716435367221	-2.04083303733348
6.15043307607496	8.78273289821111	-9.80375273101430
-4.31890721360933	0.618156389487581	7.10362190625518
-0.359006988697215	4.62536761392697	7.88826129852819
3.88438732095433	2.84671289914420	13.2901652672694
4.51794970874836	10.8755200839529	-3.42398694740376
-6.46401456398464	4.86526028309980	-8.14718826081649
-8.99206904829832	4.27229328217823	2.00488498952880
-2.87482402956184	3.46573132115999	7.69630118562267
4.36736459584954	5.59453507025939	5.74238886849235
0.172538471425020	8.49973024727327	14.1237502947697
5.71617809747652	9.56933073183405	-1.86316190650785
-7.42483839544511	6.07428867729689	4.73203445653053
5.76634150359575	0.160242595227928	3.91221301160015
-7.98884091790957	2.92714986502812	3.85561061414389
-3.25321516338702	5.80674614079419	7.66346607036097
0.318866726427588	0.791994555577483	7.85253631407611
1.44975285186531	6.57317179920456	13.8979346538049
-8.86823606392707	4.03595913909254	2.26772047054658
-6.51161878902635	0.514224625237777	-8.09409162167698
6.01047023067996	4.36591034494291	3.14512398714810
7.34993600898315	0.146621503320783	11.3974924381510
3.67425363775955	1.29125152418582	6.25321852980685
-4.12551430426422	1.01101054243453	-9.68816763768421
1.71303133461283	3.51783260844278	7.51669541763493
11.9199886274977	7.49907594543430	5.16188226077405
3.63554129084067	10.5578858740822	13.2954569335226
-1.65938905893330	6.95601899231922	-10.7006419356965
-2.16241239871048	5.83219788167736	-10.5489827371938
12.3665499280990	3.61529487565598	3.77379671742211
9.36256115357793	0.206565105149617	-7.41014880397918
0.477357739411828	7.11814057688672	-11.0295153887867
8.75796655828464	5.15436526406829	-7.91811459500559
4.54749938502106	10.6851194800050	-3.32980434016005
-3.31662734098434	5.63201216165294	-10.1803010675349
-0.145234713619208	4.19333228663769	-11.0516502255046
3.20227523635289	3.13554239545754	6.74147579902968
12.6477323546668	3.04284983723436	0.221016399659286
11.9815028084889	2.37777817866149	-3.06036287825498
-6.10385570768801	5.04605191961554	6.08364090644389
-8.42334146177250	9.02809085620591	-5.38996582392748
-2.13472154236615	7.30521458210200	-10.5738975515197
9.65926219284625	0.739024176243637	9.00848877603457
6.24366592091588	4.50562931991526	-0.131496784381426
-9.21116009180293	0.201338439853679	1.55505117859442
-2.12409259106015	0.483176837625253	-10.5772943211166
6.35996122472161	7.68120408695568	1.40608187698000
1.76494307015208	7.88977181355878	7.39705602500361
-7.14571741550268	1.04105826035864	5.18291754187845
0.755876682385478	9.72215250605536	-4.79175034854962
-5.32429562560445	6.90643261306973	6.59767129070163
6.28617384111172	9.40191566682830	-9.72148735592024
5.24472557585393	1.30797768236921	4.69685962114181
12.6571193716030	3.18930056562061	0.339858437268143
0.286798064643282	9.68811418941425	7.89502388915493
-0.0960046764100350	4.13210542835109	-10.9769028757368
6.08820826029705	3.95583963738425	-9.80766328110797
10.2267727299140	7.88608278024207	8.37268678825099
4.69389414461452	1.08936960793873	5.42549382558526
-4.81106145533809	2.13947854426181	7.00070556878028
4.16807651913289	2.47368097299520	-3.63628727275839
9.79473896679484	9.15131607599238	8.94359611796778
-5.59222334196294	2.01103746469544	-8.86578557669557
2.29596968535446	10.2036646814499	-11.0779033987598
-4.41525057261193	6.46430693789105	-9.59550059773541
1.08490262305051	4.34138302679555	-4.85654647722924
-3.27537987034224	4.07483139839391	7.44059519747424
1.50108542748466	7.95496229782775	-4.79068529981240
-9.46679637469473	6.40253812212866	-1.85898274775956
12.4776473303078	9.79028300120042	3.34429681597788
0.127338317030683	6.47975409981962	14.1135113445611
1.93846129589413	4.46860110641493	-4.71431073199889
2.03046796345762	8.25229402722527	7.30946347939486
6.08219935775952	6.44490873591829	-0.849354538425481
9.86193356996682	0.606823887411648	8.87933110055411
4.87615976625331	2.31230220267965	-3.06694007776482
-1.07383185418409	0.948169397204145	7.82874942784355
5.48200489967696	0.424586248032990	4.19620132816381
6.03076626083049	5.92856159371301	-1.06644714846902
4.02034432545902	5.28995346375086	-3.74242060018618
3.82833346304511	7.04430467350633	-3.92184362000489
8.22871864936464	1.98434074245406	-8.29681445661751
-9.45129775600968	7.34775074617914	-1.22440520854892
8.95297231211039	9.49418433204099	-7.85557575816375
-6.64706116509465	1.98165473339144	-7.71203703485159
-3.30572747941630	1.75925738971342	7.57876511267043
6.04517321533283	5.93688171147982	12.3751109452635
0.211758140491638	2.36843567454999	7.86697774850021
7.96038803464849	10.6028710807551	10.9499391812089
1.78879763347241	6.84755110209769	7.37240209679753
5.79822868051356	8.03292318689435	3.67217544816736
-5.54517892285046	6.28113490412731	-8.84872679757327
4.64639362144515	2.86438808217921	5.39882539896757
7.21679964196249	4.53587206858310	-9.19229075402818
12.4412753523456	8.88288016219243	2.43646690440564
6.47984013274569	9.05493030201126	-9.65460136587099
5.32153717795374	4.57032893738249	-2.50674091491010
12.5901353534181	5.38314989891052	0.629745144738796
4.76763603506717	3.81008815881542	5.43872741090860
3.92888444412529	1.02007930273869	-10.6698914871309
-3.79117959389323	5.44667687986021	-9.90841177186671
1.13859742228734	5.24603523784073	-4.83656752506623
6.14013998512182	1.82605192787203	-0.729550988514158
-6.14757710712748	7.72541170659454	-8.26144718720355
2.94575317215358	6.18127523563613	-10.8998660808311
12.6134920102231	7.08054208028406	0.416569494140356
-9.06733582371693	5.47508104281380	-3.63362251118078
12.2071274714270	4.34384449044125	4.02035284650093
-0.556581386472399	7.33227385853620	7.89709185422049
10.8428891448086	9.21955152275937	7.38494421401240
7.63055901102010	3.91333602773444	11.2306386457313
3.48864117998291	7.34560745145835	6.43335085010400
-8.83565789548100	0.655322281004019	-4.69768351535495
7.98779369317592	7.22656416038630	-8.53239467973599
11.1163320639011	1.87925587919810	6.81747751235008
-4.15473651876152	8.44016862577632	-9.79670177513534
5.38015590393614	3.00662044200050	-10.1528672289635
-9.46737916922223	11.0425569721761	-1.83687041480086
6.33890683529017	0.492646923660830	0.450018201417187
-2.41770183955349	6.21368842348282	7.81899707658679
8.74643905759487	6.13273296991876	10.1732894133697
8.84216632838150	6.51413661780262	10.0657017409549
9.66847150112557	6.63153226946671	-7.07764011875538
12.5891115629762	9.57642957287048	-0.316797737729795
8.55959635331799	3.76595624494829	-8.12841731832721
5.94771689744078	2.45282514034549	-9.88235367543434
1.38667739614217	3.96909959476746	-11.0342493512297
3.14199375741753	5.58312607352719	-4.33250431497103
2.24705352131009	6.42360982590843	7.20083393213195
3.73312562871095	10.6779346850331	-4.03488236380151
4.20879489055852	8.42680365064475	-3.68981535912301
5.18030287285101	3.65332416264332	12.7473910877917
-9.11151386774847	2.63618210997830	-3.59485218419232
6.27950595563447	3.72897251887673	1.29390596603275
-3.95654656528372	3.18778143658640	7.50110392447734
-9.02477866389866	1.88474093945290	-3.52143834912571
-1.43513648860764	1.47471260686880	8.00193454936985
10.2387665377192	0.709675670992290	8.29113608794304
4.37788449816544	6.76549157911351	-3.55007331860405
0.0549865656426508	3.88366384828277	-10.9880747015083
4.16466526722232	1.55758822724655	-10.4985270332275
6.07654806922425	7.13854072244064	-0.847686480131453
-9.29253331547193	6.73617131081968	0.607860169923611
3.86830485612735	8.63932020890443	6.17948456604620
6.16065170201214	3.58472023966494	2.57598186019750
11.8354280405831	9.76587871845984	5.43878986333113
1.29553100087355	4.78717265883612	-4.79517684183461
8.11365227779571	10.3538213065494	-8.35336669278007
7.29963901165637	7.63683760593995	11.4035476454820
6.38652245880429	4.87699383599036	0.164360188627635
6.26998135607017	10.1532662787867	0.0756627516777787
10.6358882743774	2.99233695234456	7.99268869857769
5.76369973909202	6.98335080793492	-1.52939812981092
0.0961303534173667	5.63028312613276	-11.0274492587944
6.20553109147307	5.39910479962956	-0.423483772192061
0.333704734282143	3.14627154384818	-4.80337947729618
-9.31806302946747	4.20716760306508	-2.49143758661067
12.0287651589042	6.24066129669706	4.91388799700192
11.1549209321223	6.93461860767296	7.05191099111400
-2.55157324548663	1.91821782796005	7.77636489519676
-1.66134723697656	3.09500791521498	7.95509492254624
5.84378662919079	6.40393132596194	12.3270925264536
-6.23009181404644	0.681053988214705	5.87638589921905
-9.10589126589975	2.35906247784044	1.70117962230496
8.92284940124711	1.65794207732327	-7.85595043609931
8.29173579906879	2.21107700885788	-8.31785972812182
6.31559934381192	8.09876930235942	0.166079607984033
6.36474720924635	1.86517611948821	1.39334386337693
-9.46024134859227	10.9009773106226	-1.59472726184473
-8.96896179483413	0.0122926005763210	-4.08649368438365
9.61925283735753	9.33452277468213	-7.00214678400226
-7.42915375857036	0.485305138364530	4.85721556951851
-1.79951595254822	4.09602796295668	7.87799100324245
3.50271051470459	10.7543723089131	6.45915352496746
-6.57642487440053	5.80207128080613	5.66092057100352
-4.32367046282707	2.17610881081140	7.17818717693183
0.381770801064509	2.22933084732059	-4.82558900934607
5.92186217057344	10.7279505224786	3.43625366745282
6.14108741368849	10.9365209513260	-0.755677121556488
12.5278608937799	0.644524136821312	1.79247159971926
8.04352252011452	4.81219591297054	10.7480774852297
5.78808879446328	3.94240748581482	-1.69761411118048
6.83490091487397	3.77477303653190	-9.34289129656768
11.3218374682565	10.5556194825706	-4.31339247570844
-6.58945790283886	10.6410144016267	-7.98756986079102
3.68353931759692	3.79317026210754	13.3738930447294
12.5361089260321	2.11860553925875	-0.100650333982930
2.83129821415964	0.518071464006870	-4.46674201589816
6.18582187340641	3.44703176246003	2.70913595212713
2.91493388165475	1.76088233059722	-4.47157942121822
2.98301471388969	6.68992611544976	-10.8328126851828
-4.08853625984216	6.23631692671090	-9.82214162632633
-2.32954522220620	2.80215188892458	7.79369275373297
-5.42235694332133	8.45640806802443	6.51498640732380
12.3528658969470	0.338400303192617	-1.66928136116214
4.67509717499977	6.67428833401806	-3.23747606973716
-9.45348344303147	4.97411132137192	-1.63344015446760
6.15213570675063	1.60907913242250	-0.716263167613857
1.15129142756695	0.500464045475459	-4.83138203502363
5.72437007570769	2.10350934363478	3.81132081299831
6.72061679678007	0.586966286142924	-9.44411761305422
5.92509378238813	0.152530826042083	-1.04366726239816
12.4352045920304	1.32034961601944	-1.05226941446264
1.64547063216629	6.82802127190460	-4.72022963546455
10.1780467131711	9.42848538818351	-6.30451012297416
7.65680915648711	10.1686828412376	11.2007548313954
6.35084954173059	2.52529431208024	1.10640053139148
6.29765536199302	2.17352265567167	1.02976205525104
-2.75668826103871	8.84340957843276	7.79688219232765
9.49307729318160	5.74977455825376	-7.08006790338676
0.240755446956904	3.21669924905819	-4.71793339493750
3.48502020567407	7.56012225795774	6.49483529152824
-6.77013327307914	9.49634910431337	5.51101454052883
0.0174725174793130	10.6522468921636	-4.79479407074093
6.70179362675926	8.64437973575282	-9.45928257201623
8.76366167013783	10.3944938973784	-8.01889694419454
12.4131504675480	10.4780206544934	-1.69450612529603
-3.12150385215655	8.71030980406833	7.49739374816994
8.28979991736098	3.76716645772022	10.6479612899133
5.00575661582382	0.733129691352050	-2.79547432340574
-4.48805303406573	9.83661430226841	-9.53857500410590
3.48349883229331	0.844882001223216	-4.05709626625395
8.38715494410903	3.70127106553076	10.4747526123403
11.2629328005500	7.10581067975531	-4.50020858570618
-8.66940844343753	5.59754868789436	2.88323524556164
1.15372686137013	2.17576202317231	7.60655316521660
9.30121048385386	7.56768700925689	9.65169788167172
12.0994883041282	6.74198770350328	-2.26186607374790
8.08240592142385	7.19712203132416	-8.64685987207828
5.77468433629642	3.72744618815258	-1.38847550471289
0.961596778020275	8.21531104012529	-11.0179856743443
-3.65354293445994	2.36879237226846	7.43812625780475
5.52067416897486	5.89186984221315	4.14946073527773
-2.99403006433358	1.69730342933426	7.59960732067182
1.37725212421001	7.82086877489063	13.9732038953126
4.24929240590100	3.96335374089237	-3.71050214535871
2.36252269645692	7.99696129541397	-4.56666520457440
11.5746975362647	8.98272871818680	-4.01246131845524
-4.92434615934090	1.72352569077532	-9.25891299405285
12.3883607087801	2.62545183107873	3.68570514956681
5.88103508513212	6.00989280808427	3.21135201823115
12.4511383665649	7.42503584057067	2.49116320666123
6.22460664156149	7.46808783515334	-0.698432281863823
6.54938079505991	1.37578685419427	-9.71125151327952
3.98793671421608	0.184253562969752	6.18340547306856
9.50842577860017	3.84106400084030	-7.14564437422415
1.65840614828719	2.63595760403646	-4.75690456085645
3.97762764643518	6.19096777372876	13.2231093863478
6.34198620203435	7.70605407892614	0.0229500960037132
0.447767301390439	2.20963123060071	-4.72818985261548
-2.08439224331341	6.75509082152016	7.89574264310939
12.4054910428340	7.63171949215742	3.09072860357495
-0.350804347182498	4.06919491374039	-10.9655939585796
0.762303320502221	5.02996124619949	7.63762083444087
11.5170543912249	8.20644750027269	5.91395659811524
-9.39159588826362	3.87334801369294	-2.25775628839088
-4.97927829942301	3.70972893778733	6.91115121756898
4.27005139982825	10.3711251320847	-3.56830145923713
3.22107304082997	5.78992589928912	-4.28698302607232
0.157926277882299	6.16521536935515	-10.9991141336544
7.29899265999292	7.18624113239184	-9.12046570369185
-9.31183210579763	8.74213837429917	0.329197448153510
-9.34850939063511	7.64387805773004	0.496005193966795
4.64018730858825	9.03949784586486	-3.24456908093784
-0.933934790680967	1.00520322204539	7.93441968845714
12.4709696949157	0.782622369286776	3.19270475962091
11.6213483193578	9.12310984856241	5.88155482170340
10.3206969912572	6.09553554588954	-6.21335571979634
4.65495950102541	3.94369083840500	-3.14550908169313
1.45174622061526	9.80833633150378	-4.78861585118494
6.07499835038765	5.63302004701302	2.95676995381529
-9.33823118615830	6.96090517304515	-2.70720600652315
3.27603265564410	2.61247188594357	-10.7786409428560
12.6230066556837	7.57994547429774	0.0309243803805203
-5.83940338184699	1.35325210315481	6.30901206822059
-8.11092888916376	3.44858428950022	-5.90875688984364
6.18547635996194	10.7976813528009	-9.75576540091919
2.25686814589473	10.6865943422830	7.25060169196256
-5.74049658755605	2.16428487687220	-8.66284858428733
9.98760327275867	7.59942799838194	-6.56649110063906
6.10709013768704	10.0746243236546	2.97107379367086
3.12023655447631	8.37176417545762	-4.27625524295332
-8.22764012252353	1.53259759266709	-5.83602186192628
-1.37088090277938	7.55191385150549	-10.8202208411145
6.33455118511471	3.99594168801451	1.06228001250459
-7.86230063821594	9.61623322244867	4.15842304586959
-2.08046590025947	4.18352840000431	7.80916033052246
1.45637204742694	6.90764026195033	-4.81174482043721
7.87199201519910	6.16855119629078	10.9788611840280
1.89100421994349	3.94993979947217	-4.79877125563601
6.29490238879131	1.52796531513679	1.00612892386995
3.10260485713010	10.0310019926575	-4.34971167049087
4.22917708524553	7.58916648612380	-3.64242326819088
-6.21738907117006	7.80862959599905	-8.25428150426965
1.07761963215195	7.43300472867547	-4.80059213656909
4.18243623758424	5.14406755602250	5.99282639649190
6.11596969438623	3.59699746010257	-0.865155698381737
3.12578965683622	2.14129600436271	13.4514173885726
2.27334442061997	5.71168514973932	7.18323071717483
-8.63195219808929	1.72101691262418	2.91494394106403
5.59875168603700	3.66865392767757	-2.10549767535174
-9.23310584023023	9.10863334372308	-2.83916255458521
-9.35077744697767	3.49136121485868	0.000472801876310630
-4.70651205514403	4.51824631105388	-9.49915704642931
-9.35996348834484	7.38837368273074	-2.81479721595578
-7.55644599123821	9.01938696601547	-6.83171752486255
5.30701501974606	5.94959692532539	4.36443527843253
5.11261467185406	3.35792171800517	12.7943264900996
12.5088173892825	3.56516188444181	1.21611294449586
12.6379382965320	5.74044553464382	1.11420614892035
11.6223027035052	6.83673753604795	-3.66843717026287
1.66136559644350	4.45775460202008	13.9884700939154
3.42818334994007	3.40224622145634	-10.7963771314365
2.42982572659830	7.52070434254996	13.8103648030823
2.63479986539347	3.63915134378144	-10.8404667641315
-7.75695242171470	3.89481393324504	4.42666303811183
6.36510754512529	6.02367183837507	0.394120579970377
6.32891172632157	0.603415986174950	0.123807688653020
-7.93041068744069	5.11214271993679	-6.23556515164430
6.34350243585886	1.25977543909267	1.13210854078104
-6.30284066781856	10.5814526162534	-8.23061482417260
-8.58698796533793	7.56845057717398	3.03574395731880
12.4537592545423	10.4500603235740	-1.40715708365655
7.44299035541217	0.900469664003933	11.3235283015300
9.62626200059531	5.53378143000525	9.16102245140956
0.0973362747477100	0.790085624984047	7.81523097578940
6.95971524123978	4.55098650685596	11.7226255832451
0.338316592432849	4.63019748741597	7.78609812766126
5.68049427898018	10.0857120324489	4.01908310532560
2.10166146970902	2.06075033732606	13.8537859714313
3.63315942022729	10.1972889073440	13.2822955268706
0.386707818434291	10.8482681776395	-4.86742368289629
-4.48971739917402	3.75252808156355	7.21121702070599
-8.93630743515094	9.38003777914121	-4.05493173392748
2.95355006281815	7.09290675442516	6.79739260060096
-6.52339264061144	3.66586643779108	5.68996273082817
2.31004122939610	1.95754521475778	-11.0561010958158
6.32524531251673	5.82723145474059	1.69615984607543
8.17644091555330	10.0230736191144	10.6710428307793
12.6012010554969	8.37042183937198	-0.340532752692829
11.0022124646205	6.86488395077071	7.13535927004727
10.6336348504717	10.5683868829370	-5.78614015816642
11.0465299287280	1.60149123125628	-4.97184314068473
3.88523593682555	7.96173300535137	-3.70001856727034
-3.36907597510401	6.28474399777738	-10.0941555132651
8.86638154892140	8.50552645294894	-7.81811486376605
12.5433581787763	8.06785935435631	1.73398521282671
6.38886375696627	9.87930269755872	0.937047550403446
-7.57409616386734	2.11428050257528	4.76450121216019
3.60289555928540	2.47603198999158	-4.02400513506935
12.6360905397649	4.75022338652361	0.450234954697712
-3.43355259421615	7.41048828816033	7.54043978638087
5.25146568590788	10.5920714609657	12.5541776112183
-8.45710824312508	10.7616927536101	3.24001499154440
2.61877287827158	5.74383338262215	-4.39948444087932
-0.210336995863073	5.49879290225649	-10.9327918290909
-0.220536956822683	7.09277678759038	7.92299946879450
-5.51123702915696	8.27461340892702	-8.83333837599883
12.5068394780578	5.13228252527229	2.22378059778346
11.6061277586905	6.33617525515785	6.10089261150461
11.7438411483512	10.6348348139969	-3.51735041696309
3.72895025884612	9.58828823629754	6.29326311780157
7.74029663165936	5.62728712126709	-8.72868670225780
-9.49216515629900	8.11539380239703	-1.58802249841802
-3.62178358699359	5.29577690652153	7.44705937073944
12.4756510144795	10.1671194479003	-0.979996541809592
7.07529832306133	3.66307030322275	-9.22636674972132
6.33965827854852	6.21195493007795	2.34281976756743
4.06899703372445	9.90746175046631	-3.69580959297616
12.5240150400527	3.63507406261734	-0.762284485279026
0.0994227570404326	2.40184029986287	14.1246190995208
12.1675196380011	3.32342674148240	4.38386923558583
9.58531865948721	4.69822681395060	9.37228645959905
5.60268953254606	9.41646233358829	4.13661859834192
-8.22208908632219	4.69951499473764	-5.55959026542740
1.72842359533838	0.997907493125072	-4.72532805622348
12.2893457765395	9.36639704526442	-2.15445941711143
2.86789146882328	5.28234676498178	13.6548354504727
0.0357844166599058	4.85028060789734	7.77830899705790
-9.13547224529737	6.15282612199829	-3.57487832953263
-7.76168307271073	5.74107991093378	4.53478483421158
11.4002593912463	10.5851805082852	6.23369290338018
9.44599138211325	7.18757310578901	-7.07828213536915
-8.03825863959162	6.17279108781918	4.03653950866335
-4.01582577019589	5.65613715469116	-9.72162963210751
4.47103587789005	4.94454971963432	-10.5334132808171
4.25568252798063	10.5109757409515	-3.60750099238612
12.4350651130201	6.23129750337283	-0.589818715340755
6.01783410586187	10.6449327648640	3.22806215517907
11.2569924155951	7.27488832859668	-4.58992131189833
-3.56744279257905	1.99371832600220	-10.1131303905065
3.24279838889564	3.70281681889891	-4.20132019704080
5.57522514974696	3.80774679861596	-2.23213275823877
-1.85996636803171	9.33056677938164	7.86179849812706
-1.62803879597581	5.01135721397320	-10.7667875415948
6.10963532615384	3.35773181007447	-0.873041630652221
11.7115210600576	5.38762090647016	5.79774204780613
9.42216028483014	6.46040555565836	-7.35402657351112
-5.54643777474776	3.43338001263087	-8.85124591863749
-1.03721626602693	5.99792967142890	7.91328296451288
11.5399774976809	9.32946643350439	6.13387254686847
6.32031024640439	10.8066402362729	1.06993578430959
12.1592459773279	4.29809872420448	-2.04622066162519
1.08654578376589	4.87644287472515	-11.0672902340020
-2.62285388279574	1.16248522987289	7.72282840106193
6.29328389796490	0.809705480653955	-0.101915364139995
3.71541739460260	8.06055424307928	6.29124522722437
6.24240565168469	2.59592224326969	2.49804252337026
7.49820539634820	1.78797280808122	11.1847370942500
-9.30894812992352	10.5287673173047	-2.91003493411170
-5.98711583660448	10.9751758913916	6.31129505581487
-6.31253460770168	6.61592062887372	-8.14499415741688
8.76113689396667	7.84375477668904	10.2731088507680
-2.67660904149928	4.23070592970361	7.73866843703405
-4.58720255632893	7.95389331622274	7.01217369780888
12.5577633941620	0.180738029623284	0.510543971663700
-0.319499325296498	6.04997388344856	7.87691847378125
9.57404644506727	7.47948370219111	9.39914345672827
-8.36403923126347	9.15763508633061	3.24448264294830
-1.04952210121887	10.3804660958630	7.89389764281555
5.90281334488890	6.03428332616536	-9.98403185415285
8.97387005420690	7.44224416270839	9.96969290051028
-9.23455827605627	1.00726264043202	-3.19475230496272
2.51613699041093	6.90257440610127	13.6516869989623
6.21058744955427	8.31247011772222	-0.549777034499256
4.95217852002882	3.08332364002256	-2.93232110933543
3.76822412065957	0.250182772012431	-10.7262662020280
-4.33719450213815	0.563243059561515	-9.68053764484959
3.33207408335964	4.40138481762434	-4.14688347504822
10.9701173904864	2.00128223965045	-5.13988981685639
-8.84882064783712	9.09468040372731	-4.52633000121567
10.9667827106296	7.87313149832831	7.29951589633624
0.0288610416951230	10.0954310313897	7.84465533738667
6.32388031508336	6.20896766497544	-0.0275312767951004
3.73708565171393	3.89137248225673	6.35643640285096
-9.39838133542697	4.01402272556042	-2.73335675781258
-8.25365333555992	5.04467469510094	-5.71778185844479
8.52711722776543	9.25364743559303	-8.13892895384862
4.08868473813487	3.91130737533418	5.96087112521149
-4.60972848236588	1.14928715185438	-9.58102603195904
4.37979845840739	4.92865258038710	5.68333139525723
-7.04632138641048	6.25158709655424	5.28344766383139
6.43887233606958	4.01910646834008	12.0290235396172
-0.840229750831861	1.46860352392805	-10.9678506643654
3.39030120928628	1.47631034131579	-10.8212383469077
4.30873963904855	0.212448679206839	-3.45890240069111
3.57335266039680	8.32363629279862	-3.98193534146339
1.15623663576972	4.68856888369056	-11.0732628996558
-3.45676415140096	4.78138458497606	7.53018911118001
11.6069814427242	2.07105533511911	-4.01175238910987
11.8536441575321	5.79572887259689	5.23091850018142
-8.20533509265467	5.06311476224873	-5.70175667616191
12.4087432587313	10.1840314403148	-0.984932475597125
-9.47869348453138	10.7869987925753	-0.671191329316729
12.5623251990637	4.70363486552001	1.17466916042974
4.05753470311044	4.13185236005347	-10.7095497502216
2.00915410168685	6.20545332724236	-11.0686842067550
1.61813280703172	7.26897892431821	7.54651906178234
12.5695252523986	6.85471844990204	2.87427027599605
5.20824433549183	0.442163693011596	4.78171463038122
-6.75794989757601	10.4826441684052	5.59965348047961
-2.73842134848876	10.9078688556698	7.62012248100139
-1.51919470705824	10.9618371852528	-10.7875503301590
5.94424179449951	9.54440077145518	-9.91696156745279
1.95728903651384	8.34817592985542	7.38720364470304
-0.339561929484384	0.0730787173474616	-10.9106614808902
-7.37276212739199	2.24165414297686	-7.01127938156710
4.90730494081075	0.265720041099182	-2.93728023622387
11.9397209650790	5.84984247682842	-2.71915559205537
3.55741912282060	5.87860367208628	6.50551679571103
11.4313948650535	3.95067667824247	6.34089764181891
0.552635781772707	6.68436392016098	14.1078823064296
4.13465044858497	2.74474495078285	5.93993571455270
7.76911499355519	3.75918451775175	-8.70739309432551
3.53715571446376	5.33281195263455	-4.13022317038710
3.63321361265496	4.48421729075210	-3.98061264552161
1.23455527018812	8.47143120742133	-11.1269954552928
-0.352492749072608	2.89514381919092	7.88527099053901
7.75496280819525	9.75859057945638	11.1247878349957
-3.73022082632023	2.44247766415314	-9.98487126117728
4.76323850339322	1.24207000709696	-3.18788034084310
5.93326480936684	9.06275495767870	-1.44150691459545
5.26186267227531	5.23631559076387	-2.49460607287854
11.0337958355696	8.99625037864726	6.83776963067525
2.33807825497574	2.10761885848182	-4.54115210208331
10.0666437537579	5.36801802833571	8.78457989879428
2.49022428666828	6.31278187341688	-4.57149505495863
3.37948623719148	1.06773645520690	6.50674304917724
0.434129224633178	7.58323033815097	-4.78761807014673
5.63201570800057	9.23816330144119	-1.84021957719018
5.39632453886545	6.81825333661895	4.25398208250437
-2.51307678907103	8.51484653489357	7.70381431251805
-2.89974211754750	6.78066435476315	7.61547974832460
4.91813173296761	0.125434467542091	12.8778693460229
6.14798317431002	1.96588047474831	2.30460277816243
1.14873332133137	1.28965953144751	-11.0373738479923
5.96286743060713	8.27518754519424	-1.24038344596632
3.83216782200047	1.39622532562001	6.22802949059624
-2.12602796408343	6.07524558944205	-10.5402364810043
8.24856091302719	6.68941399742222	10.6897919421185
-8.42281429704751	6.26738275749437	3.26903928441549
-8.14337983605664	10.7152673016100	3.86307848163311
5.54617311415922	7.83452801325043	4.23203414621783
2.62239974754058	4.40005824008249	-4.53192827538508
5.06539154545142	10.8882979904303	4.85872417358458
-3.45821189161762	2.54529781712058	-9.97407625308938
2.92473563039304	9.79648059341956	-10.8796149808993
1.21298247538870	6.27717446371877	-4.81085190007321
-9.29390488369233	0.478402426653428	-2.49883094872261
-8.76702368200471	0.263011463740285	-4.53022349391696
-3.26999724569652	5.42479806341104	-10.2055685724258
11.7599741028626	6.68120294193200	-3.47395978138701
-6.91982838595320	9.73972310798445	5.28873928718892
6.18012562075128	9.02999240518910	2.55062696036918
3.49357158001466	1.87784301403681	-4.09556220209552
0.849876152192435	0.344787686076829	-4.85067943837467
5.19762346140214	0.514454195913715	-2.50674888251705
-8.51191990889397	10.6837112578318	-5.19758483655541
-8.92335799398598	5.62806084671225	-3.73442126774000
-9.48533237222080	8.19426627193760	-0.744188363806094
1.05116006693133	4.65984132581658	14.1069928826389
9.57448460835238	4.79304073927557	9.39941947500445
-4.25489753299534	9.75399618108188	7.18398487312762
10.7472204066525	7.81821371587063	-5.81302118764925
-5.70865140529466	8.95130374502066	-8.67972016323360
-4.33224493658187	4.51415622599580	7.20041843516967
4.52992062639755	8.03940538563045	5.59514662348622
1.77791788591453	5.82050762292052	-4.74471423269156
0.471382050703127	3.21066338661547	-4.76915853365710
-1.08035457246262	4.00863765200343	7.79765888019587
-5.41129105932075	8.14142135982530	6.67154708211430
12.1644853384966	1.01813299985183	4.28664721705658
12.5170368280624	0.503668185269500	0.270688387609211
10.7788330401249	5.37932419979457	-5.37330456326070
-9.40062292144391	6.98915062302962	-1.27892888551223
-1.18320688557725	6.93315560646695	-10.7661922199991
-9.22446024517915	0.786917619901870	-3.26254328641767
2.23360598239738	10.0534322784782	-4.69945927223045
6.13369694912964	0.957996107721341	-0.577763931480885
0.386503623116044	4.13122012683123	7.73523737118371
0.391044718001025	9.51365966230331	-4.79600189195399
5.89312546025492	10.4588810536429	-1.22209229301677
-8.46953296207088	2.16859112368140	3.41631276525676
6.32248276537261	9.70919379259836	12.0382622648186
10.7663142608502	2.77195777960986	7.62731585150601
-7.90852983142351	0.674806472148345	-6.34509250176060
2.86168621572412	3.97556199986468	-4.49895414203166
-3.49413155206126	4.12623192319085	7.41029136961959
5.40310257135460	2.96121739077602	4.26633819227826
3.83791953866980	4.10987620951610	-10.7657873027922
-3.26636111801621	0.703531488372103	7.53792714995040
-1.04199443106388	10.4016764419734	-10.8999368158530
-0.183947383196945	8.23707400813326	7.88426934809086
-8.82815901577010	4.88127834977286	-4.79224477242424
12.5945828542819	2.37851075590176	-0.0579894265887348
3.16603619618459	4.58572597983417	6.71343006565376
-7.82394613383618	8.90101528684726	4.34380438949866
-2.82399855135070	7.54045495894766	7.71103654346879
7.93568025751818	9.81471694375307	-8.74900047275833
-5.17990391037332	8.65373910753981	-9.05838630588763
-3.62238266023536	10.8236628526596	7.48380359073910
5.39943893532664	1.08202844590157	-2.15082072094943
5.93560252730858	1.94239896050514	-1.12936910757379
4.46252616355070	10.1606106697571	5.68599426724318
12.5284238318827	5.25989307476251	-0.673987397069059
-9.24704906765446	1.13139819776047	-2.95140923035633
4.40660350685114	2.86322499228361	-3.45914688656182
-6.41904209163017	2.20344393856896	-8.07583083141064
6.25429620993406	4.24803980453911	0.268210652145350
12.1620646772238	7.65549704482898	4.33676038547009
1.11414101063746	5.98962332742853	7.67495605783069
-1.14785302265323	7.10948120170793	7.97081588062297
5.03961079612741	3.89166142146114	5.05438749037000
-9.42155788614924	10.8243331171639	-1.60248976736084
3.40416963758301	3.12599862906754	6.52415084753933
5.87710364875267	9.83943129282702	3.52719925093531
1.21142172326695	1.64138538828626	13.9840503977473
-4.63163585653148	10.4545124665417	-9.51388760264866
11.8797707846143	4.66171753361762	-3.10308155902678
7.81942019590151	9.97644862618662	11.1055784750364
0.930572576385176	9.68243698993399	7.51081827876774
-7.25216669255020	9.44645927209756	-7.35923363877053
-6.92654582238818	10.0683746354342	-7.53886444391068
-3.20718180853079	8.08527751672562	7.62942052754484
-5.37997749324705	3.72586273189615	-8.91274007836017
11.6347354933132	6.28117551753435	-3.69842250620783
12.2975407638942	6.86740765296363	3.30129989310863
4.79053053871073	0.407534319124338	5.31321196921070
5.91159002574417	10.5040108625420	3.59364765407171
-8.18682769163266	5.91749790297918	3.68610853333742
12.3289591071172	0.986687243017644	-1.39472159128686
0.0389121532588406	1.74852917004447	-11.0787943594664
7.81878550343528	6.38325426666646	11.0496304030005
1.78064299715697	5.40075951407089	-10.9468910506347
4.08258816765218	6.69138801826449	13.2069442260632
-5.88383908409398	0.404987671257840	-8.54432683559620
6.16723715823288	5.78263850463514	-0.162683915030050
3.86148242133036	1.45365341710571	13.2645869845047
4.88561978386520	2.74140900521314	-3.09977887518135
1.32753446418571	1.59649483854569	-4.84181950359919
11.6714633320537	8.07549508682019	-3.72905238722096
6.35787733267412	9.62367930559911	0.877220269696245
1.90407108803961	4.92191870984714	7.37931929351303
9.34082719308547	9.95569640431287	9.40566595228377
3.58578659294994	0.841615870356720	-4.04985376463444
11.8943284460537	6.24282337726551	-3.02512625719843
0.578495145361220	10.7669794839993	7.73691825212684
0.852474604220110	1.03667562887432	14.1639340039583
-1.87581315675489	0.663490370220611	7.83803057134069
-4.59195760188225	10.9286058347838	6.96859790247071
-8.52949947221892	10.1095932761935	-5.38569163859285
6.17519808954821	9.61349024341237	-0.649139335328378
-9.49987936736794	1.81702927969401	-1.61027579101017
-9.39801053406588	10.0847910835560	-0.486637630618313
6.33942591425811	7.88040652655353	2.05183326248955
1.40599447672721	3.05231648987018	-11.0168389464647
2.30378561353446	6.26396967024842	13.7879111499968
12.3916245252893	4.89336225481619	3.89462780684072
7.20328436849449	10.1217753496073	11.5305597674899
-5.32638473345496	4.81769612289486	6.67747279497017
-5.09763819096218	5.33220375557243	6.74466839414612
12.0803700912421	7.55395546836895	4.52468551474703
12.5726473748504	0.783607369040958	0.282055671881634
-2.14256821056345	0.940130222732818	7.87697121317327
5.31963752488534	8.54532835581474	-10.1861911917878
-9.56170923353838	2.48415183004284	-0.774720046769756
0.946965482310686	5.43972384254609	7.65440073569481
-8.93296603700378	7.57681394895206	2.30867365976044
-4.42134492763087	7.73338108508309	7.08636490539939
0.955295875453664	2.93782936721501	-4.84255441277290
7.30968309258902	0.262864154859027	11.4177023785840
-9.42531398213895	3.82591739414446	-0.533991261453471
6.37477170896135	2.26077780634816	1.68658549620380
0.0175737414153386	2.81654698480854	-4.74644491442296
6.71603443784392	0.467919175250445	11.7792630652577
-5.50505551884169	8.25095624341862	6.55753713421574
3.24944975147479	4.21432479326385	-4.33504174225936
6.30143577469565	6.45202989078602	1.30686541412745
0.134884757215238	9.52912423692009	-4.81458961219014
12.5276468459234	3.53278666187195	-0.0183344184668975
-2.48719575133785	6.72608867475750	-10.4694987717892
5.05789108616849	10.3510951478824	12.7659072600800
-9.45437216137621	5.95824271052770	-1.40908091677421
2.89466093460520	8.00069375866774	-4.52195068265601
-9.19072050985376	5.58981635278176	-3.37946699765822
-5.52937262037440	9.75500347985535	-8.89668109177210
3.97543422045230	5.12829672975242	-3.77557922601079
-1.83451528738645	2.17318254269392	-10.6495933349956
12.0143365354701	8.99386144926523	4.75345243001386
6.18197166478684	1.28166723482548	-0.173935895444825
1.36505720420020	0.418373383988250	13.9812647162712
2.05438594094290	8.33241349332404	-11.0710734702417
6.49901372106481	7.01739193568025	-9.58030392559223
-3.20278920135184	8.20685965581212	7.57322954138358
10.3884359362436	4.72224290650014	-6.05912321772001
-8.53187628133493	10.6565161818210	3.07558088787560
-0.0712614700065575	4.62029570862279	7.82202442064312
-5.18996365205716	7.15905010663533	6.77527303990917
1.99533873816933	3.22350043411436	7.31477710228024
-0.494837121090806	9.83609829140551	7.87576475844980
0.0729553509160510	9.08506334832045	-4.72080919174002
1.95133389498569	5.76996751981588	-4.71750256596100
11.7570624621647	0.0371393401480710	5.71128149017079
-9.39058465383631	1.27000050437662	-2.41184940000466
3.49699268550377	2.61709994076837	-4.10431993683206
6.16198902385592	6.78983052874149	-9.76664679410682
-8.92982142899129	8.40449039423893	-4.31973279754666
6.09682780001774	4.04222044282920	-0.627235840965911
6.22839946778370	2.40918692136890	-0.281309390307778
0.719839073348913	2.42607901751370	-4.80584646934171
-1.73840602715526	10.6787581522915	7.85303124546133
-4.07624917676163	2.33332816637468	7.40398739235819
11.4735317808926	10.3926872635320	-4.08180311466940
11.6426558861730	0.492167617962693	5.87372748287183
5.71737056417884	10.2684941430019	-1.68649389026805
0.883424679026582	9.15578045150571	-4.80811993146041
5.71737152656528	0.757666748582100	-1.77829552721485
-4.97269622554070	5.93984897679286	6.82868894919326
-6.06687910639100	0.478045735045813	-8.38230985261219
12.4574963828867	8.19487189198100	-0.998600646513018
6.16606209860658	8.27173528144245	2.91928425144728
5.61442127604626	3.07409358036077	3.92156245232219
11.3309257902490	6.38583296144350	6.58907158504796
6.60707711376937	4.11778246330603	-9.49111187411713
11.7112642184046	0.385686192193814	-3.88623278206590
-7.20751509809578	4.02970347797592	5.03265475617290
-6.62789009465286	10.9464852864547	-7.95689650926568
-6.12210777388782	8.61962294898981	-8.35790912950834
-5.63450005681486	8.18830764075280	6.45476705995662
5.84482450803525	0.648247075237563	3.36561738812139
10.8071260292900	3.57727649069257	7.56645599079505
-3.96711600127632	8.20786557840360	7.27288720288894
0.198026728431898	2.91577022819677	-10.9548576652055
1.08752223634155	8.71714744152497	-4.75845326015723
5.85337487017703	9.19077149077016	-1.26858059876201
8.48380308766848	8.64171092840314	-8.11601447910041
6.33237448062709	7.57862808679603	1.66086310989376
12.2527106594591	0.721354393126647	-2.20741675785555
-9.40986404606477	7.10161927943773	-2.49893170745753
-9.29863778259865	9.89314531871740	0.884084047566218
-2.12754819190554	11.0335269188029	7.89740294477702
10.2438061620138	1.71278276844474	8.39719780351179
3.04828651654121	8.48902615813087	-4.47775404472718
3.91884836872585	1.93085508490639	-10.6614624197228
6.16917058656314	3.65450763368820	-0.681073348966177
5.27766770141350	0.835978761286526	4.78394439223181
3.56707700389138	8.30806966518365	-4.05283196885335
5.77517062197849	6.02153064012753	-1.82070681432735
10.2729508995788	3.27758984214323	8.33685597932005
7.58131536738815	7.20211753287547	-8.95743983260285
12.0010596449338	0.427840690542564	-3.17966830331096
-5.31377055396856	10.7401331314441	-8.94349563134052
5.46268372377086	3.44009500714143	-2.42314185191227
0.946949981976606	7.25321995271429	-4.83878957392800
6.14766982348974	8.84148484721792	2.71481635500982
3.01491211604834	3.36225927820891	-4.41424412889470
11.4292412920060	5.05588834876735	-4.30951799013943
-1.55869111432020	5.36697342670450	7.93035314864023
-8.35849537955079	7.50786142104623	3.35548380708308
-9.04159724916101	6.58087076382069	-3.97831713430856
10.1417617632114	0.234365953554889	-6.43395681248636
2.24736722425415	1.31823521047019	7.25052936376422
9.89783874294329	8.60698994505653	-6.84185806488162
-0.309984862959779	5.54903242329274	-10.9847263555621
-9.28885866405767	9.36430598997161	1.01026343179529
6.98323685078664	7.27648411826975	-9.36218135958751
9.04046631498457	2.01212558946682	9.94066602019529
2.87657767660643	1.28867116184616	-4.42555124221518
5.16346540140508	7.78212263458186	-10.2417926978745
-5.63120173874154	4.83840744652507	6.52449793431803
5.61598072226300	4.36642205701992	-1.97628515490698
4.97043172766756	3.55795483035966	-2.87001928436213
4.95925424682429	8.08202061931569	4.95928469178822
6.34081928011219	3.67485938283188	0.597083272894117
3.35944232157970	8.54382321727224	-4.29202282615364
4.34420587532913	5.88298300014642	5.79052246381554
-0.190203349673644	8.12725228410304	-11.0014448347090
1.38025540708110	5.61809137827678	-10.9897104875596
4.46225328361475	2.63019877724213	5.68235028039988
12.5817173386141	5.35413324051779	1.39191186593294
6.48025811299962	0.931824957395401	11.9933206059143
8.80387560867190	6.89094830564591	10.1077654244445
-9.40558037149782	8.87162664353678	0.580703880251346
-8.26722732548600	11.0129941271603	3.62182223794270
11.2811526840429	6.57860403951485	6.75400002162770
-3.52320553563706	5.94300044102615	7.44898582445687
6.23760836823697	5.67773927425941	-0.628190798382789
-0.00867912533628735	4.97755065305111	-4.73119397428252
6.00433343846442	3.37902993025122	-1.04138073326514
0.166708224320451	7.48224874890416	-4.68684874800896
6.36099276887100	0.595211948036625	1.03399943390373
-3.14910394292732	3.33449545214504	7.53487876801940
3.61616368283904	0.615386256952548	-4.12081666782718
6.34309079489253	0.789865988201965	0.191461877808539
-5.37386825256622	7.05093550569632	6.56480570515553
-8.02000173085388	5.66470503751766	4.07122965420646
0.632414517367201	7.23257338021864	-11.0340913519649
7.66700709842861	1.09067649823576	-8.78358954541874
1.37421379753868	0.857543793316090	-4.83454556557799
3.30577149662323	7.98593629630014	-4.17090778507726
7.96663687261785	4.33150679966672	10.9501103259311
-1.83266610046964	3.16112787575782	7.87951992292816
0.449154585783022	9.74127829555376	-4.86537490660528
-8.11114111301649	3.05829300182051	3.94288283108273
10.2781428102459	7.88410836911104	-6.19710716510372
-8.63312400048921	4.97691414447253	2.96977539113000
0.697153017240534	7.56961578053278	-11.0877905833496
10.4147750320097	6.59022428264091	-5.97899330982528
-0.977413952988291	3.23866041890567	-10.8287695951835
-9.52569498709697	4.67148650592983	-1.02183657680660
6.38586691957794	8.04340797030385	1.69014258952773
3.23592454175348	10.2000500799973	-4.32698212548152
-2.08048885558188	0.664116933615432	7.84056063014779
5.29591278220334	2.41204306576220	-2.47929314382144
-9.51099567683824	8.78882085701953	-1.74841513319339
-3.61469315003789	1.03105984290630	7.51571141170475
1.84208455695480	0.728094338768232	7.41183380731384
8.73060621621666	9.94380251455385	-8.07626097007145
-7.22654895459484	10.9980825720808	-7.19214053769151
2.99006050559192	5.76049523314295	6.79032515525607
12.5901655022410	0.475278751591796	1.87840225946297
12.0871417304796	5.91460240489154	4.46118641608948
5.92352098576511	3.01536325885996	-1.50518949024382
6.14664029439879	2.40953627895304	-9.84190790003490
0.205546467577013	9.12353122272752	14.1254169123368
5.28039321281728	0.517616286510124	-10.2479247646311
-4.14263976610705	10.0172944804044	7.29418266176310
4.37021828946276	3.64776031192472	5.82073142682536
12.5670214277827	10.6717399779231	0.181530169866583
-6.70541531397747	0.239618662801622	-7.88383640840991
9.94263552158247	7.44517515652418	-6.71980008099660
11.1564750454363	7.00351325828256	6.88811248465348
-3.21398487077391	2.71355177063254	7.64970008842312
-6.74336067181662	1.93678181292323	-7.87182358957093
12.4664760300816	10.0474772008356	-0.562748380726787
-2.09437597170752	1.89535043456160	7.84897346974443
-6.37387759675688	7.51728938205694	5.92105869985160
-2.24383974432460	10.1658935136725	-10.5694002292728
0.205034376739745	5.59992039816195	7.82934124116750
0.218096925865367	0.881153527331735	-4.75422113986837
-2.53689682172538	2.56580195625909	-10.4906988362875
-9.45908435864927	1.03598783213131	-2.05641855432689
8.02008352389994	9.55725710675919	10.8114923050653
5.02143605086285	10.3144034572067	4.87456277952180
5.90826667841782	2.67248333103159	-1.20836386877800
-9.39801869121070	7.88729856490291	-1.71802723786660
4.12619828347652	4.34196094068188	5.85731966477514
8.73213865644036	4.45357070114047	-8.03459040697844
-5.90774744017773	4.46452840189294	6.22174772417043
0.297949238291172	7.03847170254197	-4.78015284965520
9.94555533262756	3.48535028761615	-6.65703986720121
-0.392826387475308	4.63702437981667	7.92155897060416
1.67841007695007	4.24548504295590	-4.70971124386790
-7.58493724476317	1.88297008770448	-6.70100055719667
-5.16284529081149	2.14908193329553	6.80788997677349
5.77278591544101	5.12427727426503	-1.76266782363801
5.93089395402963	9.62940910313116	3.16360245954174
-7.13015242149584	10.1990004749262	5.11826676995015
-8.08874709595752	0.145358891480073	3.98458406375886
5.55813173585176	0.989694281488940	-2.15913084743525
-3.01759510806790	8.79332111116781	7.61999987460430
1.42562239257664	6.98798812636183	-11.0179345195956
-3.03504633083680	7.11815221397030	7.61349047062620
-9.31742721416264	8.10814556789559	-3.05422707895132
12.4484720107620	4.89437557514939	-1.22909630331774
12.4062428660924	1.97398035483800	-0.967575534508719
10.1842326286522	8.70471983082262	-6.39588449594465
0.178444780552503	9.25568416534665	7.84690625732853
2.79700621183224	0.252123728462348	7.01566347576234
11.4555243334177	3.46614511626864	-4.46366339696887
1.75307242444719	8.62429713104242	7.38864692372769
-5.49617718484921	7.82628971488915	6.50898329085961
1.80008022106761	8.43549994457303	7.40318081523918
-3.39750640391562	4.78226295029549	-10.1444865584382
2.50589985016834	4.32023694605460	-4.54746433973553
5.51103855078203	6.35619282727895	3.98308306240248
6.33637260993911	0.851156755064395	0.739153339181961
9.76663490333969	5.89174929233600	9.02005845815394
-7.19283406554587	6.19461077924805	5.19334039698344
1.49648783099236	8.66087635725995	-4.80428048628944
4.69545709658979	4.14949143003347	-3.15523048845105
-9.48139831133601	10.0350908860398	-0.819663819336710
6.15548779368451	4.66868574808695	2.88913793595404
4.04420012391301	3.97726140319720	-10.6920832031841
4.55522997815611	2.55536392545513	5.51672194013194
10.9859132293689	8.04593282998395	7.30062242206350
10.0743283185072	1.83290761226706	-6.50211165380356
10.6111602340251	2.58913524691109	7.84458234194533
12.6079067056241	9.40043313097248	0.415130263157664
1.10941349536927	9.49545891832505	-4.86299500748810
6.36207110892737	4.37950004266952	1.64120105737632
5.35801938083467	3.33277493190450	4.66686403215944
-0.633948202102954	10.2579963810353	8.00513858918658
12.3873706720154	8.10108820981056	-1.27493716396603
-0.902410185637314	2.16967932106931	-10.9001994569074
5.00858183494532	1.99326986415498	5.05022359082352
6.12778035819204	9.09650077089371	2.57799701903867
-7.15795084084784	0.917093891082768	-7.24446634283462
-7.32827112272525	7.70332963416341	-7.13316276634071
1.30184735383412	7.98629253527259	-4.91969272242510
-5.76591104484127	1.56642352773172	6.23454138542729
0.528090373121360	2.81712545231266	-4.76246787311113
-3.25715582112414	4.21808950613531	7.55670184969501
9.26891651020245	7.54447218512281	-7.51652890251059
0.138058475616569	10.7834685701811	-4.64914449749930
12.5977319979987	6.25459097155629	0.227302799126267
4.09278034689126	10.6463230866649	-10.5611711522744
-8.89521615238169	3.58949365515893	2.30388394666295
11.1150196306341	6.16419410620581	6.91936977489656
12.2834040004809	10.5600203994765	3.91043283786574
11.0300530585002	3.66664385885947	7.08676572931593
-8.44411153071069	7.03733322632858	-5.27356360793551
10.7422222735227	6.74671588058679	7.59140725133091
4.98879887823790	5.28229094748466	-10.3643114098656
-7.93386915333575	7.18470481184224	-6.13832439300337
-9.49484169614504	0.0226397884139235	-1.65128008401147
3.91874872837170	10.3154737078501	-10.6565766766655
-4.64591682181436	3.44480201300782	7.00395543897051
-6.62588778148691	7.32406071344341	-7.86399227501113
0.571740166014839	9.15842276155258	7.70662425044383
11.7187445180350	5.99219091671762	5.54815632539055
6.35957507285952	10.8423553082395	0.197809241918222
4.65844575023527	6.06896197238083	-10.4491789866888
1.54943552210336	0.255139716216339	-4.78504873706035
11.6969265848254	6.89747283511500	5.53319875243187
4.75040265972330	4.11851745048829	-10.3999591714903
-8.94033885308997	8.40068505860618	2.01986110217174
12.2644975448241	4.66625735261253	4.00020198216331
10.7609843155490	3.14427403217954	7.65273956082279
5.41354183897897	1.37501444715964	-10.1006607496973
-6.04600534383169	7.88303855607679	-8.33774553516802
11.9685921512828	5.74071808637991	4.90492749318993
-2.43189163344943	2.66013180281623	-10.5385062289902
1.70262225638993	3.86188728779319	-11.0053693696651
-5.42097824314335	0.139909251531032	-8.91637147956643
5.99215019044141	0.0665038963129731	3.07331481936601
5.87741582681133	7.86922644490199	-1.49875763394756
-2.25815510671845	0.307302920743654	7.73828808206827
3.86795592674965	0.315801894099620	13.4161137654699
0.899728833914860	5.91785528404177	-4.77942496741420
11.1699626386909	9.87334905248411	-5.10972522112664
1.50248020106576	8.89521210566343	-4.74716803429220
-8.75555068931697	2.00395289200319	-4.73219363220121
-9.39257162315355	4.18717114419916	-1.76102487548614
5.97049246042050	4.36686182565526	3.36911265891700
5.19829134498630	7.50199749215149	-2.74924120163776
-0.877476090309593	0.510465342366738	7.98714806961421
6.07395223327886	1.80211222998569	-0.845883619271479
-8.45374749333556	7.76420861326422	3.33072407400248
-8.59539275294369	9.93312963419659	3.02214345422815
11.7118403621808	0.0222069793215489	-3.58988030405055
-3.26854821514314	2.40523557958334	-10.1131936641889
5.77210117048773	10.1009313469381	12.3907384918487
-9.30459350883887	0.760343796236185	-0.287780150989899
2.92144509213607	1.90559149173702	13.6269809552727
4.95049520408171	6.51477656466124	-2.92310394364088
-9.46708344342774	4.23367187338304	-1.69770739842202
0.628983025188047	7.32458087438417	7.70519834984084
10.9179461333701	4.31668898868893	7.23746584702954
6.85932844953712	4.84622050156015	-9.36099837833696
0.576203520114937	9.65414001298316	14.0705913231173
12.5443714590607	8.55114983857006	-0.562235736897407
11.8693370302586	8.81959388536804	-3.14057799121369
-4.21283428401143	5.45882894588387	-9.66561730652909
12.4630491903249	4.92301265202079	2.82923161364874
6.36648139029861	0.904836162622813	-9.65670716780688
10.7478974265387	5.55476764254283	-5.62792568667407
-9.47094715060632	3.38798307277473	-1.63740756430806
6.62311949223036	0.790901655115832	11.9660199975294
-8.93581288567908	9.09188995066538	2.35134744973766
-3.92743193333845	6.57274865170905	-9.88261492160215
0.0743440452876856	0.255281219932227	7.82068975116239
-3.32749180207507	8.80606363225720	-10.1673890909079
12.2294784128903	4.76251717330595	-2.03867869900464
-6.55191840348829	6.70923563615457	-7.86114414865151
-9.21302569601463	6.96579756711353	1.05134301976015
10.0828167923636	6.69148273021654	-6.46926420957886
4.65313631331800	8.56243699785772	-3.26610131161708
4.01882753376146	6.96237953400141	-3.74733725810666
12.6476614862344	0.822960196237343	0.216055350687725
8.94794303925574	0.426477367174279	9.91650911441163
3.21333627078982	0.803351867075246	-4.25353305136280
-7.25516837599928	10.1185399794515	-7.19899781553746
4.49423887245915	6.84607258101448	5.65336583270678
2.98734079263048	9.64957876516767	6.82043976680794
11.4753793668703	7.91237894262986	-4.24842687826307
5.98695215143273	0.517708806915816	-9.79920900791684
-6.19914054055262	7.60406171966100	5.80940115154145
11.8615330966249	6.39784027471759	-3.33648475625742
7.05513845207145	9.77344746911332	11.5669819453482
-9.23329425938106	2.04995709711061	-3.51182743885263
6.29149517105437	2.01428402969165	-0.310505171052565
-8.14063172421856	10.4818884647797	3.81144115397698
-7.87538752043704	6.90520932566186	-6.28104782363593
-6.72169408786520	5.66592823954765	-7.74128281558142
0.835892408146624	5.19702831418722	13.9859297618133
1.09332500506322	7.75349769605371	-4.90037387160832
3.68576403044241	4.43465809402387	-4.01929986668577
4.36668962124757	5.27819940242605	5.75297791270579
0.0424576250926192	4.66723866985459	-4.70163604727867
12.4598042418792	4.79362866089867	-1.17005606000303
-8.60622046156031	10.3083310174726	-4.82970829403900
4.73980131783912	7.93717065444342	12.9921592762336
9.96862735346626	4.68330306815069	8.76457981053808
0.312178791224775	7.30470156509736	-4.83116186505619
5.25288855521381	4.98905750445703	-2.56506708480075
8.76878024250803	1.83957832035076	-8.05275715454819
10.1491034598435	5.98093282183804	-6.56562815972113
4.22075344560243	4.20310750414181	-3.62576816066519
4.75734752341633	9.87872922979803	5.19916382552314
-1.91897491191628	4.93652742452780	-10.5968240800271
9.87462208804661	10.5958344181937	8.85937093105186
10.2115773460926	5.07710066309069	-6.29579562196271
4.68818580917074	5.86292329220130	5.44794596766041
1.13038500712720	5.85542830716162	-11.0272212020912
-8.16429848667681	8.22948391997914	3.85531351093987
4.83816906803577	5.41219151950504	12.8243616590020
1.83711522887566	1.44954810121559	7.38589005744852
-9.12514117721104	7.14164117681678	1.44022320365783
-8.91670861058063	8.32710961412172	-4.33540985153402
11.9221598015915	2.31188087285445	5.41442005756257
5.81284520942566	4.71377347050031	-1.62231377310710
0.495463885880232	6.20946747244338	-4.75392964953543
6.31645719836883	7.08796933316463	1.69812798332789
4.74577776090228	4.34769218931213	5.28397021927782
2.53284560926805	4.10873406835822	-4.57550015708919
-4.63138513842280	0.964776088524498	6.97880985247525
-3.71510446889184	5.45847779350274	7.49156035855714
12.1058548184271	9.89056818026220	-2.66885479686043
-2.37596730003055	0.235678756238186	-10.5925453951810
5.84955768525840	0.313722410888594	-9.77059282850248
8.00454305080007	3.03732993292795	-8.64640149057051
12.5671380028782	3.41782145108062	0.124466389844081
6.32286840047525	6.42756939902244	0.891121783648616
2.07212319701895	8.85755433768785	7.23754669331946
2.06404370710003	8.02138420864289	-4.57663972539015
5.05289157165704	6.45780196058967	-2.80236394699223
11.5585781168628	8.69726337203375	5.85327423726729
10.6512640726211	5.45943097406769	7.66081963246468
9.14460046430826	2.04920912933149	9.68749315097854
1.49851246947775	5.24533383052543	7.42858329312393
12.4491365066221	2.48889243079823	-0.702451547167277
-6.19449129951123	5.99483347752347	6.09002566647155
4.77554088611267	5.80764222620468	-10.3345150264674
-8.88358920612742	6.87604076271664	-4.02589518614570
2.59598887499644	6.90008631405630	-10.9703366967654
2.29696997752568	9.26034127489203	7.15355915508397
-9.38746556129010	4.00841100953345	-2.23081098214510
-3.26221069670223	10.2178203838719	7.48128223994529
-8.43186296100461	5.77906530855739	3.31479704713629
-7.45860625333499	1.58301970198150	4.85136340746626
7.33623782485546	1.92064183592523	-9.05709784566370
-6.77087489287793	1.68507194358770	5.58622580660944
-6.81600427589253	6.32205558089808	5.51986749461376
5.75963985086179	8.08113739283262	-1.76194595834708
10.8035458016120	4.38567669925681	-5.36373703979941
3.91293016600856	7.52127142598591	-3.93653971960164
-7.96677660203448	9.62145627990055	-6.09275412766412
4.07149707485203	0.861844844628621	6.07342026208932
-7.47745143154030	10.6697755058463	4.68086023282717
8.94889443199752	10.6312930117468	10.0567730878437
1.03912204640943	9.83650982844487	-4.88214562798319
-2.04219182644059	10.6398203960909	7.81420731594827
11.9805543405505	10.5063237991522	-2.71192233548061
4.83053472888288	3.50517912072886	5.24719192391396
-5.58717106498261	2.02621890228742	6.44164328102090
6.26900728458262	0.946623224957107	1.78841962103407
3.24339806914372	1.26989710251071	-10.8039212530099
7.79516096682991	9.76397758252492	-8.65929808854250
2.44082741028043	3.78714672987532	-4.50741310019384
5.65621648870657	10.9409796436706	3.85764363629607
-3.20732208876027	0.135731191862403	7.63982857041554
0.608563822870429	7.50950499971075	14.1034700652342
12.6078085020028	7.25371196033659	-0.194598447912682
-9.54062373900120	1.02597675387986	-1.27914510353362
-8.89343456164059	5.34316786564781	2.24277600715760
6.23866305950515	6.05107229824608	2.55535413000643
10.7467670502586	10.2896770251574	-5.54787546526931
1.39626275955459	2.64173757811572	-10.9461553393204
-1.96085670033894	9.25449614522489	7.84319970031820
10.2119902126356	1.66816079912746	-6.33123015845229
-8.21297265096938	1.83625557896744	3.83932999451631
-6.64150401790265	7.91136551006086	5.60082038520388
3.32952537718672	9.87633181456612	6.53831729078448
-7.15594802008183	9.66837229102150	5.11814418241891
0.874155675591538	3.49776630772213	14.1053864070748
1.24401082998110	2.81485364516234	-4.85857776234210
3.14347371423478	3.98516612771687	-4.27039179449356
2.51981114363824	3.35314857128050	13.6911590985045
2.29272304378211	1.63688394330031	7.25460711297560
-5.72770989413346	4.51196039950202	-8.69044156762464
2.55621257211889	3.59082455507499	-4.51781367516996
-3.59892516729287	1.74069956024943	7.49064147097312
-7.16854073379789	9.86912136899844	-7.19909450363056
9.13664942379345	8.31373435798458	-7.52519673791960
-8.79189508399693	0.448682392292425	-4.61086293990882
-3.69672106700338	9.69513086699508	-9.98072916922421
3.51602076553356	3.20289542687159	-4.12666579642732
4.90385324105215	3.57318491548584	-2.96175205373156
3.27432237814095	10.8801363688894	13.5060711387123
2.93647564968785	9.80851436178559	6.85535489596408
-5.95137329608419	6.17863000168716	6.16600189365502
0.334208471955209	4.24469121636059	7.75403637648308
6.16062162518950	2.81407880546537	-0.767721926046396
6.34430317806063	10.0688152243936	1.56553831361649
2.03692921009595	1.43332656976489	13.7443334527080
6.21579798444826	2.75128359940116	-0.147051651824787
4.02243689783053	1.55924105133014	-3.79744578285159
-7.93871256892963	4.91316148234073	-6.19001357150489
-4.49231298441642	10.4419896650868	7.12353336252568
1.26403179700251	0.447696487718973	-10.9999358136594
0.484213684719775	7.12901302981448	14.1699166357112
11.5268395581738	9.53814663852359	-4.12988649978086
8.08905762645481	9.77460559795952	-8.37425868039559
-9.43345056983513	10.4211921779129	-0.369436782153587
-8.33566357578998	1.02326144804970	3.18204414389524
-4.83513597167054	10.3033470237353	-9.39808498720486
12.0424974008756	9.81207094258214	-2.89451561432238
5.72246444627730	8.96476622378833	3.80903855146117
11.2633039813308	4.46327888014352	6.64067150031420
-0.118319500276092	3.56534364525458	-11.0361888289920
9.15838245110002	8.23120633315011	9.64885836064434
-8.61421965230902	4.43878455585276	-5.14995504619893
1.51303592440675	3.73880786718919	-4.76998567959310
6.40556327728757	8.58740651237922	12.1633904683132
-9.36168826895183	7.64634810358517	-2.73523680697939
-8.17272638242595	5.52529308040034	3.88303413608393
-8.52408874977493	3.38709826645432	-5.07814428748624
6.08897436244420	5.66137103695572	2.99037604573368
12.5345788712016	5.53531128219483	-0.352289923220976
1.24360804938800	5.84511367817809	7.57810417130815
8.10032281044669	5.26054538545038	-8.53889737021917
2.01310526598273	1.72863364808524	-4.70190236025416
6.92712259491084	0.852486653267569	-9.33083926286386
5.55150154516082	0.528372211881337	-10.0363936143833
4.08539711867033	2.07035632303513	-3.76290015911611
-8.78700224403760	7.31119380374282	-4.52265771827770
3.65363927334063	9.49921873405760	13.4166101086417
11.9051415589922	9.62412716156693	5.10522409565335
6.41446915796914	4.50090747567239	12.0185136067062
2.79964346770828	2.03613235339201	-4.43481876709870
4.79872497868401	9.19973815978833	5.29273807356889
-8.46812654076398	6.35911721098324	3.36718198849056
6.35469351732252	0.103887582965666	1.16533589335984
3.05408360467977	2.26814374635626	-4.41202852669956
5.45732237489796	4.17920990946604	-10.0895411436110
-7.84528872004322	6.81573928309002	4.13286380953030
-6.27776823591229	7.42483712004365	-8.17339375357562
-2.76683737397798	9.71220892786395	7.74429337281938
-8.31145772204963	4.26997131566593	3.40560045023112
5.79924049983091	4.54660639664128	12.4005621627844
-0.882042127264074	0.990405391724571	-10.8368364391453
12.6162108555371	9.43261282260190	2.01780152698994
10.1452458055671	7.42936119452013	8.58518601693366
8.23722656974222	8.80189410831670	-8.33352693155983
-2.53053203733729	3.13697349499204	7.81898894239126
-5.77197835736435	0.348320225809329	6.44727678255782
12.4047053739639	0.325317769530236	3.55082028685908
-5.11277545913627	0.399695746863799	6.74131937317853
-6.40351699412653	6.43525821469454	5.80739347383668
6.28776285679272	9.03903695007754	1.94721734407007
1.86767133212145	2.22754542364367	-4.76476943535528
-3.31994818439573	2.92619314495361	-10.1908708960486
6.28973466353976	2.91714784030200	0.0528975421118982
2.51510536159553	2.86002890809237	-11.0330914206300
-2.97227618914475	7.46408818187262	7.64339334765293
12.5541806537625	2.71083817173765	0.290615883526182
12.0267812818348	5.98113362643039	-2.84637154979572
-8.01190679659805	7.36411904539921	4.02308023651544
-6.79344856387865	2.88225103783010	5.47180231612764
6.33736509944588	6.16306497257769	1.63186000075951
0.699800349294643	10.2431132581713	-4.77577685098420
3.88188970988648	5.49015029306952	6.17054649142017
-6.44838667672041	5.86710433896926	-8.08532024288175
4.40856744841878	3.20256687081841	5.75271025800035
10.6610956493896	0.176221266596037	7.78652093566219
0.326805260500666	8.03546836293810	-4.72960530433208
-3.07572332414460	5.27819688964837	-10.2197806605309
11.6191719652064	7.40363189928091	-3.94084688678149
6.22590949486685	6.08019547223375	-0.454873955144619
-8.40297499400740	6.08869672073215	3.29946599112413
2.32221720567952	8.36562360497422	-4.68069740834993
-2.42475343548324	6.49928344552016	7.76399795283843
4.88584489111823	5.74583063135796	-10.3670482418973
-9.20424638950781	7.26191694580348	1.21091110746026
0.0790346899834099	3.81325651864629	-4.66736886482610
3.66086666228574	7.92468805224968	13.3548626427163
12.5139555646203	8.76755591262475	-0.186508772138559
6.06143911947888	5.13748076249762	12.2882420410221
3.39908235435371	0.132506058575941	13.4757556195802
2.81318120842969	1.94323434383719	13.6041548343016
0.377351568488206	10.0178515726724	14.0612462470384
0.614157575203703	1.07314269380997	-4.80896363648198
5.34123607609574	3.74733364875525	-2.30381628410968
-9.30195312791873	5.35704807035830	-2.54292037720940
-8.87551131799892	5.18525409434845	2.52253495296461
-2.62031340382484	1.80772886276638	7.75118124023864
5.46437591650074	10.9559919633225	4.45730632163093
5.18102640257903	8.91707930566680	-2.57948373281370
8.60901654831972	10.2584155760936	-7.97642477628478
10.1604167977700	0.871595129413215	-6.33480990189554
5.97782624802806	4.25850003523264	-9.90612291311902
-0.132741667123327	9.90983176695144	-11.0094076814312
-8.61879368290828	8.19302096521641	2.86442720081044
-6.69418692215049	2.98458082614737	5.51989634547405
10.4870796170313	6.12459663628054	8.22125729190539
-3.12682354140305	9.91620978854780	7.58612615403065
0.624739742321605	9.36004045668166	-11.1263998253156
5.73048230369313	9.42534480249635	3.60169998470633
-1.04137619921717	5.35192192137261	-10.8683186082558
1.75762963289164	10.6139115685288	-11.0271369297348
5.09447370001522	6.62248951546251	4.91332264829654
-9.44447957233644	2.66818430233865	-1.89829304622229
1.34266460565549	0.423045953626051	-4.81782991850777
0.831280998697626	5.34585017910138	-4.89002943976241
4.32308739657848	4.30982464089902	5.66958090890390
11.9082478922663	7.30803029504370	-2.90472116844137
-8.70126433269934	6.05809762237067	-4.71418035744282
5.75215827980992	2.99087668933594	3.48868758553547
-1.29916545239395	7.08119298683139	-10.7912494003736
9.09933818127237	7.45868446264452	-7.55557855589364
12.5285619506586	1.31486986751141	2.09671697080740
2.80515256007491	9.78871516901759	6.85911801214278
6.91048052516374	10.1816755322370	-9.39541835944684
1.70383359123701	2.72943970329917	7.54119158044385
-9.29395522854603	4.37638452083850	-2.52146370594801
12.5853873506573	2.77724127232078	2.49705934244664
-3.27143433177516	0.389627016672012	-10.1864747330348
-6.02973861622593	6.29594379262885	-8.52476888070954
-8.98748123254234	0.694424035360497	1.99954861373298